0.998489 0.857924 0.857924 0.958478 2.500000 2.500000 1.000000 2.500000 2.500000 1.000000 2.500000 2.500000 1.000000
0.631625 0.584947 0.584947 0.630464 2.500000 2.500000 1.000000 2.500000 2.500000 1.000000 2.500000 2.500000 1.000000
0.959809 0.954906 0.927288 0.949555 1.000000 3.000000 2.000000 1.000000 3.000000 2.000000 1.000000 3.000000 2.000000
0.673757 0.615826 0.512778 0.673757 2.000000 3.000000 1.000000 2.000000 3.000000 1.000000 2.000000 3.000000 1.000000
0.910250 0.805750 0.786750 0.910250 2.000000 3.000000 1.000000 2.500000 2.500000 1.000000 2.500000 2.500000 1.000000
0.654011 0.622636 0.633705 0.646292 3.000000 2.000000 1.000000 3.000000 2.000000 1.000000 3.000000 2.000000 1.000000
0.836967 0.652445 0.652445 0.727978 2.500000 2.500000 1.000000 2.500000 2.500000 1.000000 2.500000 2.500000 1.000000
0.915055 0.886989 0.886989 0.904648 2.500000 2.500000 1.000000 2.500000 2.500000 1.000000 2.500000 2.500000 1.000000
0.644821 0.580625 0.535714 0.644821 2.000000 3.000000 1.000000 2.500000 2.500000 1.000000 2.500000 2.500000 1.000000
0.617127 0.636298 0.575466 0.613317 1.000000 3.000000 2.000000 1.000000 3.000000 2.000000 1.000000 3.000000 2.000000
0.603115 0.609423 0.635885 0.604231 2.000000 1.000000 3.000000 2.000000 1.000000 3.000000 2.000000 1.000000 3.000000
0.872170 0.763050 0.579200 0.579200 1.000000 2.500000 2.500000 1.000000 2.500000 2.500000 1.000000 2.500000 2.500000
0.896063 0.871099 0.851441 0.824721 1.000000 2.000000 3.000000 1.000000 2.000000 3.000000 1.000000 2.000000 3.000000
0.925494 0.919097 0.912000 0.881728 1.000000 2.000000 3.000000 1.000000 2.000000 3.000000 1.000000 2.000000 3.000000
0.558602 0.500500 0.525820 0.566295 3.000000 2.000000 1.000000 2.500000 2.500000 1.000000 3.000000 2.000000 1.000000
0.854990 0.841186 0.822137 0.846157 2.000000 3.000000 1.000000 2.000000 3.000000 1.000000 2.000000 3.000000 1.000000
0.999645 0.895002 0.895002 0.990054 2.500000 2.500000 1.000000 2.500000 2.500000 1.000000 2.500000 2.500000 1.000000
0.867770 0.855310 0.837954 0.861161 2.000000 3.000000 1.000000 1.500000 3.000000 1.500000 1.500000 3.000000 1.500000
0.538305 0.587701 0.561061 0.587727 2.000000 3.000000 1.000000 1.500000 3.000000 1.500000 1.500000 3.000000 1.500000
0.688275 0.703487 0.660877 0.727368 2.000000 3.000000 1.000000 2.000000 3.000000 1.000000 2.000000 3.000000 1.000000
0.810871 0.685491 0.549548 0.770142 2.000000 3.000000 1.000000 2.000000 3.000000 1.000000 2.000000 3.000000 1.000000
0.804166 0.730024 0.668786 0.804166 2.000000 3.000000 1.000000 2.000000 3.000000 1.000000 2.000000 3.000000 1.000000
