0.990704 0.775773 0.775773 0.919343 2.500000 2.500000 1.000000 2.500000 2.500000 1.000000 2.500000 2.500000 1.000000
0.696299 0.688234 0.688234 0.696299 2.500000 2.500000 1.000000 2.500000 2.500000 1.000000 2.500000 2.500000 1.000000
0.952747 0.966834 0.943423 0.968023 2.000000 3.000000 1.000000 1.500000 3.000000 1.500000 1.500000 3.000000 1.500000
0.884193 0.748899 0.526994 0.884093 2.000000 3.000000 1.000000 2.000000 3.000000 1.000000 2.000000 3.000000 1.000000
0.886250 0.815000 0.788250 0.886250 2.000000 3.000000 1.000000 2.000000 3.000000 1.000000 2.000000 3.000000 1.000000
0.742351 0.609714 0.610878 0.678910 3.000000 2.000000 1.000000 2.500000 2.500000 1.000000 2.500000 2.500000 1.000000
0.624480 0.548178 0.548178 0.572819 2.500000 2.500000 1.000000 2.500000 2.500000 1.000000 2.500000 2.500000 1.000000
0.942555 0.909523 0.909523 0.928371 2.500000 2.500000 1.000000 2.500000 2.500000 1.000000 2.500000 2.500000 1.000000
0.675982 0.624464 0.564821 0.675982 2.000000 3.000000 1.000000 2.000000 3.000000 1.000000 2.000000 3.000000 1.000000
0.688379 0.692174 0.649759 0.689103 1.000000 3.000000 2.000000 1.500000 3.000000 1.500000 1.500000 3.000000 1.500000
0.557615 0.571115 0.613769 0.561308 2.000000 1.000000 3.000000 2.000000 1.000000 3.000000 2.000000 1.000000 3.000000
0.880541 0.767472 0.582112 0.582112 1.000000 2.500000 2.500000 1.000000 2.500000 2.500000 1.000000 2.500000 2.500000
0.834069 0.790601 0.722770 0.705430 1.000000 2.000000 3.000000 1.000000 2.000000 3.000000 1.000000 2.000000 3.000000
0.912641 0.837856 0.792747 0.670747 1.000000 2.000000 3.000000 1.000000 2.000000 3.000000 1.000000 2.000000 3.000000
0.435474 0.451205 0.446333 0.430487 1.000000 2.000000 3.000000 2.000000 2.000000 2.000000 2.000000 2.000000 2.000000
0.848094 0.824617 0.821299 0.837210 2.000000 3.000000 1.000000 2.500000 2.500000 1.000000 2.500000 2.500000 1.000000
0.950093 0.641933 0.641933 0.951086 2.500000 2.500000 1.000000 2.500000 2.500000 1.000000 2.500000 2.500000 1.000000
0.759212 0.778803 0.737401 0.784462 2.000000 3.000000 1.000000 1.500000 3.000000 1.500000 1.500000 3.000000 1.500000
0.745868 0.763290 0.763452 0.730985 2.000000 1.000000 3.000000 1.500000 1.500000 3.000000 1.500000 1.500000 3.000000
0.707030 0.758591 0.773004 0.775167 3.000000 2.000000 1.000000 3.000000 1.500000 1.500000 3.000000 1.500000 1.500000
0.768873 0.719186 0.573130 0.765573 2.000000 3.000000 1.000000 2.000000 3.000000 1.000000 2.000000 3.000000 1.000000
0.830571 0.731286 0.733214 0.830095 3.000000 2.000000 1.000000 2.500000 2.500000 1.000000 2.500000 2.500000 1.000000
