0.842934 0.753228 0.753228 0.814064 2.500000 2.500000 1.000000 2.500000 2.500000 1.000000 2.500000 2.500000 1.000000
0.665903 0.658816 0.658816 0.665903 2.500000 2.500000 1.000000 2.500000 2.500000 1.000000 2.500000 2.500000 1.000000
0.930958 0.929426 0.914886 0.931458 2.000000 3.000000 1.000000 1.500000 3.000000 1.500000 1.500000 3.000000 1.500000
0.874147 0.744110 0.511417 0.874147 2.000000 3.000000 1.000000 2.000000 3.000000 1.000000 2.000000 3.000000 1.000000
0.878250 0.824750 0.788250 0.878250 2.000000 3.000000 1.000000 2.000000 3.000000 1.000000 2.000000 3.000000 1.000000
0.586364 0.583587 0.583109 0.578555 1.000000 2.000000 3.000000 1.500000 1.500000 3.000000 1.500000 1.500000 3.000000
0.567194 0.540811 0.540811 0.552293 2.500000 2.500000 1.000000 2.500000 2.500000 1.000000 2.500000 2.500000 1.000000
0.912103 0.909517 0.909517 0.910839 2.500000 2.500000 1.000000 2.500000 2.500000 1.000000 2.500000 2.500000 1.000000
0.675446 0.633661 0.448750 0.675446 2.000000 3.000000 1.000000 2.000000 3.000000 1.000000 2.000000 3.000000 1.000000
0.666634 0.654595 0.501794 0.667358 2.000000 3.000000 1.000000 2.000000 3.000000 1.000000 2.000000 3.000000 1.000000
0.601539 0.609115 0.521962 0.605731 1.000000 3.000000 2.000000 1.000000 3.000000 2.000000 1.000000 3.000000 2.000000
0.774069 0.728544 0.582112 0.582112 1.000000 2.500000 2.500000 1.000000 2.500000 2.500000 1.000000 2.500000 2.500000
0.687595 0.684120 0.664906 0.622160 1.000000 2.000000 3.000000 1.000000 2.000000 3.000000 1.000000 2.000000 3.000000
0.704881 0.707077 0.689339 0.656696 1.000000 2.000000 3.000000 1.000000 2.000000 3.000000 1.000000 2.000000 3.000000
0.413756 0.433936 0.487167 0.421590 2.000000 1.000000 3.000000 2.500000 1.000000 2.500000 2.500000 1.000000 2.500000
0.800411 0.795260 0.783804 0.798897 2.000000 3.000000 1.000000 2.000000 3.000000 1.000000 2.000000 3.000000 1.000000
0.850558 0.509744 0.509744 0.849847 2.500000 2.500000 1.000000 2.500000 2.500000 1.000000 2.500000 2.500000 1.000000
0.712141 0.709073 0.689043 0.704725 1.000000 3.000000 2.000000 1.500000 3.000000 1.500000 1.500000 3.000000 1.500000
0.776149 0.780485 0.777911 0.779045 1.000000 3.000000 2.000000 2.000000 2.000000 2.000000 2.000000 2.000000 2.000000
0.753175 0.751015 0.743348 0.745493 1.000000 3.000000 2.000000 2.000000 2.000000 2.000000 2.000000 2.000000 2.000000
0.724603 0.682503 0.573130 0.723248 2.000000 3.000000 1.000000 2.000000 3.000000 1.000000 2.000000 3.000000 1.000000
0.755786 0.733786 0.495857 0.755786 2.000000 3.000000 1.000000 2.000000 3.000000 1.000000 2.000000 3.000000 1.000000
