0.623059 0.624552 0.616487 0.605436
0.615968 0.598512 0.606709 0.591378
0.638434 0.638434 0.646630 0.632969
0.554948 0.565270 0.565270 0.546752
0.546903 0.529296 0.541894 0.515179
0.590923 0.605647 0.612781 0.590923
0.565270 0.568458 0.577717 0.573467
0.618852 0.594262 0.585003 0.620978
0.558288 0.558288 0.558288 0.558288
0.565422 0.549029 0.557225 0.558288
0.535544 0.544803 0.556452 0.537933
0.596995 0.599575 0.599575 0.596995
0.546145 0.533698 0.534760 0.535823
0.488312 0.498634 0.489375 0.480115
0.602459 0.566485 0.595325 0.661809
0.628112 0.629174 0.612781 0.637219
0.591985 0.600182 0.602307 0.600182
0.552216 0.579994 0.579994 0.564208
0.598209 0.581815 0.581815 0.572404
0.668033 0.659836 0.659836 0.646175
0.608423 0.592294 0.592294 0.589904
0.570735 0.544019 0.562538 0.548877
0.517304 0.524438 0.509107 0.517304
0.577110 0.615665 0.615665 0.560716
0.591985 0.574529 0.560261 0.582726
0.571797 0.526563 0.554341 0.545082
0.638434 0.620978 0.639496 0.639800
0.630237 0.622040 0.622040 0.622040
0.648755 0.615968 0.624165 0.592744
0.536126 0.565270 0.565270 0.571342
0.632616 0.633811 0.651135 0.626344
0.588191 0.579994 0.579994 0.571797
0.582726 0.567395 0.559199 0.559199
0.567547 0.568610 0.568610 0.526867
0.567547 0.558288 0.559350 0.599120
0.614451 0.596995 0.608379 0.615513
0.581664 0.589253 0.558136 0.574529
0.547814 0.587128 0.546448 0.520036
0.602459 0.611718 0.603522 0.602459
0.565422 0.546903 0.546903 0.557225
0.658005 0.656810 0.656810 0.641876
0.640559 0.650880 0.650880 0.676078
0.526867 0.569672 0.561475 0.526867
0.567547 0.557225 0.578931 0.552520
0.516242 0.514117 0.514117 0.508045
0.514117 0.505920 0.503795 0.505920
0.611718 0.587128 0.585003 0.576655
0.572404 0.572404 0.533546 0.572404
0.633424 0.633424 0.642684 0.595173
0.579539 0.587735 0.572404 0.587735
0.574671 0.575866 0.575866 0.574671
0.605343 0.583940 0.583940 0.596691
0.529447 0.538707 0.547966 0.521251
0.575744 0.575744 0.565270 0.575744
0.617031 0.600638 0.617031 0.608379
0.602459 0.603522 0.612781 0.594262
0.652702 0.651639 0.670158 0.658622
0.581664 0.570735 0.588191 0.581664
0.567547 0.561475 0.575744 0.577869
0.569672 0.588191 0.598512 0.618701
0.558542 0.526284 0.559737 0.542413
0.605191 0.581664 0.581664 0.596995
0.611718 0.587128 0.587128 0.558591
0.594111 0.602307 0.613692 0.594111
0.572860 0.554341 0.554341 0.542957
0.603066 0.632058 0.622799 0.604129
0.568610 0.577869 0.568610 0.569672
0.556163 0.557225 0.549029 0.556011
0.630540 0.655889 0.630540 0.622344
0.589253 0.589253 0.562538 0.579994
0.600358 0.608423 0.608423 0.600358
0.531573 0.546903 0.550091 0.549029
0.546752 0.549939 0.541743 0.547814
0.547966 0.529447 0.547966 0.537644
0.581664 0.582726 0.585003 0.581664
0.615665 0.566485 0.574681 0.582878
0.615513 0.606709 0.591985 0.607316
0.571797 0.573922 0.573922 0.567092
0.637978 0.641166 0.641166 0.621585
0.601396 0.593200 0.583940 0.569976
0.554958 0.548088 0.548088 0.546894
0.629174 0.629174 0.629174 0.614451
0.624924 0.653764 0.644505 0.627049
0.552823 0.591075 0.530358 0.553886
0.612781 0.605647 0.605647 0.573163
0.510474 0.544019 0.544019 0.510474
0.568610 0.578931 0.569672 0.569672
0.561475 0.545082 0.545082 0.539617
0.616576 0.608379 0.608379 0.608379
0.614451 0.597450 0.613843 0.566333
0.592294 0.585424 0.585424 0.586022
0.629781 0.635246 0.617790 0.630844
0.573467 0.556770 0.575592 0.556770
0.533698 0.533698 0.515179 0.524438
0.584244 0.598512 0.607772 0.593048
0.623710 0.600182 0.591985 0.606254
0.577869 0.587128 0.587128 0.591985
0.601396 0.583940 0.585003 0.545841
0.599271 0.572556 0.572556 0.568154
0.609593 0.587128 0.562538 0.608379
