0.695906 0.659357 0.659357 0.695906
0.576023 0.557018 0.557018 0.576023
0.593567 0.529240 0.529240 0.593567
0.714912 0.650585 0.650585 0.714912
0.650585 0.546784 0.546784 0.650585
0.631579 0.548246 0.548246 0.631579
0.630117 0.630117 0.630117 0.630117
0.649123 0.557018 0.557018 0.649123
0.620743 0.600103 0.600103 0.620743
0.670795 0.662023 0.662023 0.670795
0.539474 0.520468 0.520468 0.539474
0.612573 0.565789 0.565789 0.612573
0.694444 0.638889 0.638889 0.685673
0.704678 0.603801 0.603801 0.704678
0.595029 0.576023 0.576023 0.595029
0.614035 0.558480 0.558480 0.605263
0.546784 0.546784 0.546784 0.546784
0.622807 0.649123 0.649123 0.622807
0.747162 0.579463 0.579463 0.747162
0.611971 0.620743 0.620743 0.611971
0.565789 0.638889 0.638889 0.565789
0.529240 0.511696 0.511696 0.529240
0.576023 0.548246 0.548246 0.576023
0.576023 0.548246 0.548246 0.567251
0.751462 0.668129 0.668129 0.751462
0.577485 0.576023 0.576023 0.577485
0.668129 0.576023 0.576023 0.668129
0.650585 0.603801 0.603801 0.706140
0.641383 0.561920 0.561920 0.641383
0.697110 0.638287 0.638287 0.697110
0.521930 0.539474 0.539474 0.530702
0.713450 0.630117 0.630117 0.713450
0.640351 0.548246 0.548246 0.640351
0.668129 0.584795 0.584795 0.668129
0.548246 0.548246 0.548246 0.548246
0.659357 0.584795 0.584795 0.659357
0.622807 0.612573 0.612573 0.622807
0.630117 0.546784 0.546784 0.630117
0.679567 0.600103 0.600103 0.679567
0.556244 0.553148 0.553148 0.556244
0.657895 0.546784 0.546784 0.657895
0.603801 0.576023 0.576023 0.603801
0.650585 0.612573 0.612573 0.650585
0.603801 0.546784 0.546784 0.603801
0.650585 0.631579 0.631579 0.650585
0.584795 0.557018 0.557018 0.584795
0.742690 0.704678 0.704678 0.742690
0.574561 0.611111 0.611111 0.574561
0.632611 0.553148 0.553148 0.632611
0.594427 0.497420 0.497420 0.594427
0.641813 0.605263 0.605263 0.641813
0.584795 0.557018 0.557018 0.584795
0.704678 0.649123 0.649123 0.704678
0.520468 0.510234 0.510234 0.520468
0.676901 0.657895 0.657895 0.676901
0.704678 0.602339 0.602339 0.704678
0.657895 0.657895 0.657895 0.657895
0.652047 0.614035 0.614035 0.652047
0.550052 0.482456 0.482456 0.550052
0.720846 0.591331 0.591331 0.700206
0.659357 0.593567 0.593567 0.659357
0.611111 0.593567 0.593567 0.611111
0.614035 0.576023 0.576023 0.614035
0.649123 0.612573 0.612573 0.649123
0.650585 0.567251 0.567251 0.650585
0.640351 0.630117 0.630117 0.640351
0.687135 0.565789 0.565789 0.687135
0.659357 0.595029 0.595029 0.659357
0.532508 0.485552 0.485552 0.532508
0.570691 0.570691 0.570691 0.570691
0.510234 0.583333 0.583333 0.510234
0.685673 0.602339 0.602339 0.685673
0.631579 0.584795 0.584795 0.631579
0.668129 0.612573 0.612573 0.668129
0.649123 0.529240 0.529240 0.676901
0.603801 0.612573 0.612573 0.603801
0.567251 0.584795 0.584795 0.567251
0.725146 0.567251 0.567251 0.725146
0.650155 0.532508 0.532508 0.591331
0.635707 0.626935 0.626935 0.626935
0.631579 0.520468 0.520468 0.631579
0.614035 0.595029 0.595029 0.614035
0.602339 0.630117 0.630117 0.602339
0.548246 0.529240 0.529240 0.548246
0.650585 0.612573 0.612573 0.650585
0.603801 0.576023 0.576023 0.603801
0.659357 0.539474 0.539474 0.659357
0.668129 0.593567 0.593567 0.668129
0.700206 0.611971 0.611971 0.670795
0.641383 0.620743 0.620743 0.641383
0.557018 0.630117 0.630117 0.557018
0.751462 0.621345 0.621345 0.751462
0.622807 0.548246 0.548246 0.622807
0.612573 0.538012 0.538012 0.612573
0.669591 0.567251 0.567251 0.669591
0.612573 0.557018 0.557018 0.557018
0.741228 0.685673 0.685673 0.741228
0.595029 0.612573 0.612573 0.595029
0.541280 0.473684 0.473684 0.532508
0.632611 0.620743 0.620743 0.632611
