0.562336 0.533823 0.533823 0.546169
0.562866 0.545223 0.545223 0.560381
0.557468 0.528841 0.528841 0.546522
0.551087 0.534718 0.534718 0.537871
0.572210 0.534579 0.534579 0.545236
0.586297 0.563938 0.563938 0.569058
0.568137 0.549612 0.549612 0.565224
0.560892 0.548140 0.548140 0.569786
0.579974 0.530094 0.530094 0.546398
0.584021 0.544405 0.544405 0.551951
0.568717 0.550759 0.550759 0.558074
0.566977 0.539283 0.539283 0.550494
0.582022 0.525916 0.525916 0.532145
0.552563 0.542928 0.542928 0.548073
0.575035 0.549523 0.549523 0.559789
0.566725 0.533079 0.533079 0.536610
0.575931 0.533659 0.533659 0.543281
0.543512 0.536486 0.536486 0.541047
0.578665 0.552148 0.552148 0.578997
0.564392 0.533750 0.533750 0.540142
0.577318 0.539119 0.539119 0.571643
0.581643 0.570268 0.570268 0.577595
0.565274 0.529358 0.529358 0.554807
0.571883 0.538817 0.538817 0.555640
0.560621 0.541793 0.541793 0.553735
0.591291 0.522788 0.522788 0.545210
0.554416 0.533697 0.533697 0.541604
0.556827 0.538579 0.538579 0.547141
0.574539 0.547006 0.547006 0.562234
0.542515 0.541980 0.541980 0.532661
0.566624 0.535424 0.535424 0.545425
0.561933 0.553584 0.553584 0.560243
0.566258 0.546736 0.546736 0.546862
0.568124 0.537278 0.537278 0.541452
0.565224 0.562677 0.562677 0.554126
0.561100 0.527139 0.527139 0.537543
0.561315 0.539435 0.539435 0.545437
0.572681 0.530797 0.530797 0.545303
0.571215 0.549058 0.549058 0.543954
0.569202 0.546028 0.546028 0.564307
0.555690 0.545790 0.545790 0.543546
0.562336 0.538716 0.538716 0.542095
0.570710 0.547934 0.547934 0.571832
0.550595 0.508348 0.508348 0.527605
0.580244 0.558691 0.558691 0.563294
0.581707 0.530582 0.530582 0.550936
0.575754 0.566750 0.566750 0.578415
0.568907 0.535745 0.535745 0.550254
0.576905 0.557288 0.557288 0.558510
0.549768 0.531346 0.531346 0.535059
0.567948 0.540519 0.540519 0.567683
0.545614 0.535689 0.535689 0.535449
0.583296 0.537429 0.537429 0.551516
0.565703 0.538728 0.538728 0.547279
0.565892 0.528980 0.528980 0.571328
0.570848 0.549271 0.549271 0.560028
0.583283 0.537833 0.537833 0.554807
0.548321 0.538188 0.538188 0.540729
0.550570 0.546947 0.546947 0.553280
0.577120 0.531679 0.531679 0.564952
0.576725 0.547846 0.547846 0.571441
0.569928 0.546131 0.546131 0.563925
0.570344 0.564934 0.564934 0.566763
0.555223 0.533217 0.533217 0.535777
0.575338 0.523267 0.523267 0.548767
0.566157 0.525777 0.525777 0.540015
0.555085 0.528286 0.528286 0.535122
0.586680 0.561025 0.561025 0.558344
0.568576 0.539008 0.539008 0.562535
0.555790 0.527513 0.527513 0.542273
0.564064 0.530292 0.530292 0.550154
0.567797 0.542259 0.542259 0.550154
0.564341 0.533419 0.533419 0.545828
0.576448 0.552979 0.552979 0.566056
0.570773 0.529472 0.529472 0.534945
0.579273 0.559663 0.559663 0.565262
0.570621 0.546787 0.546787 0.560861
0.552760 0.541765 0.541765 0.547949
0.568185 0.533516 0.533516 0.548784
0.554109 0.540300 0.540300 0.555653
0.579373 0.537316 0.537316 0.556106
0.573055 0.547354 0.547354 0.559259
0.556018 0.548716 0.548716 0.549914
0.557683 0.526609 0.526609 0.546383
0.566662 0.534441 0.534441 0.546295
0.559259 0.535449 0.535449 0.557229
0.553130 0.541667 0.541667 0.540166
0.585585 0.553750 0.553750 0.552459
0.570942 0.532069 0.532069 0.543896
0.561186 0.555939 0.555939 0.554676
0.554896 0.534718 0.534718 0.537858
0.558288 0.525550 0.525550 0.535311
0.580496 0.568591 0.568591 0.577671
0.551428 0.528438 0.528438 0.545324
0.555778 0.524037 0.524037 0.548086
0.564530 0.558111 0.558111 0.571391
0.595099 0.543142 0.543142 0.559599
0.570746 0.526458 0.526458 0.541139
0.566133 0.544776 0.544776 0.561843
0.579876 0.557601 0.557601 0.571313
