0.840909 0.909091 0.854545 0.709091
0.931818 0.909091 0.831818 0.909091
0.619048 0.690476 0.785714 0.714286
0.619048 0.619048 0.761905 0.511905
0.642857 0.714286 0.738095 0.619048
0.690476 0.714286 0.654762 0.666667
0.773810 0.797619 0.738095 0.797619
0.780952 0.704762 0.680952 0.704762
0.704762 0.657143 0.704762 0.680952
0.857143 0.833333 0.928571 0.833333
0.818182 0.863636 0.886364 0.840909
0.663636 0.663636 0.709091 0.540909
0.726190 0.821429 0.702381 0.750000
0.821429 0.690476 0.761905 0.654762
0.630952 0.690476 0.690476 0.738095
0.797619 0.797619 0.869048 0.773810
0.595238 0.571429 0.678571 0.654762
0.657143 0.604762 0.552381 0.680952
0.857143 0.857143 0.928571 0.857143
0.809524 0.904762 0.880952 0.761905
0.740909 0.763636 0.663636 0.663636
0.818182 0.840909 0.863636 0.809091
0.654762 0.583333 0.654762 0.607143
0.714286 0.738095 0.654762 0.678571
0.607143 0.654762 0.654762 0.678571
0.904762 0.833333 0.904762 0.833333
0.678571 0.821429 0.821429 0.654762
0.733333 0.804762 0.752381 0.733333
0.780952 0.728571 0.752381 0.728571
0.833333 0.904762 0.952381 0.785714
0.886364 0.931818 0.900000 0.977273
0.686364 0.686364 0.731818 0.663636
0.726190 0.821429 0.845238 0.678571
0.750000 0.797619 0.869048 0.773810
0.880952 0.738095 0.738095 0.678571
0.523810 0.833333 0.773810 0.773810
0.809524 0.904762 0.845238 0.833333
0.657143 0.733333 0.780952 0.657143
0.480952 0.580952 0.528571 0.433333
0.780952 0.733333 0.733333 0.661905
0.654545 0.586364 0.631818 0.631818
0.740909 0.795455 0.754545 0.740909
0.464286 0.500000 0.595238 0.547619
0.833333 0.785714 0.821429 0.845238
0.845238 0.809524 0.809524 0.809524
0.773810 0.797619 0.714286 0.797619
0.750000 0.880952 0.785714 0.869048
0.857143 0.952381 0.928571 1.000000
0.714286 0.809524 0.857143 0.690476
0.833333 0.857143 0.780952 0.809524
0.609091 0.486364 0.631818 0.563636
0.640909 0.695455 0.709091 0.718182
0.857143 0.880952 0.952381 0.857143
0.714286 0.821429 0.797619 0.666667
0.833333 0.928571 0.821429 0.857143
0.595238 0.630952 0.654762 0.714286
0.809524 0.952381 0.869048 0.869048
0.585714 0.685714 0.609524 0.585714
0.804762 0.657143 0.680952 0.728571
0.857143 0.880952 0.928571 0.880952
0.577273 0.686364 0.709091 0.631818
0.740909 0.840909 0.854545 0.763636
0.654762 0.654762 0.702381 0.607143
0.726190 0.714286 0.547619 0.726190
0.773810 0.750000 0.666667 0.714286
0.869048 0.714286 0.821429 0.738095
0.773810 0.880952 0.809524 0.750000
0.704762 0.680952 0.652381 0.633333
0.880952 0.952381 0.952381 0.857143
0.809524 0.761905 0.857143 0.785714
0.909091 0.840909 0.831818 0.840909
0.863636 0.909091 0.977273 0.863636
0.654762 0.642857 0.714286 0.642857
0.678571 0.726190 0.750000 0.750000
0.690476 0.642857 0.642857 0.607143
0.845238 0.869048 0.702381 0.845238
0.773810 0.750000 0.821429 0.750000
0.685714 0.657143 0.704762 0.709524
0.728571 0.876190 0.752381 0.676190
0.833333 0.757143 0.680952 0.728571
0.786364 0.840909 0.731818 0.718182
0.818182 0.840909 0.886364 0.795455
0.607143 0.559524 0.630952 0.559524
0.833333 0.797619 0.821429 0.821429
0.607143 0.761905 0.785714 0.773810
0.690476 0.678571 0.678571 0.738095
0.642857 0.845238 0.619048 0.750000
0.880952 0.857143 0.833333 0.904762
0.804762 0.728571 0.652381 0.704762
0.876190 0.828571 0.828571 0.757143
0.586364 0.540909 0.586364 0.563636
0.763636 0.809091 0.754545 0.786364
0.833333 0.809524 0.821429 0.738095
0.797619 0.607143 0.726190 0.678571
0.726190 0.773810 0.821429 0.761905
0.773810 0.750000 0.714286 0.714286
0.833333 0.857143 0.845238 0.809524
0.804762 0.780952 0.828571 0.780952
0.852381 0.828571 0.876190 0.804762
0.633333 0.680952 0.657143 0.428571
