1.000000 0.844582 0.844582 0.960720
1.000000 0.808708 0.808708 0.985310
1.000000 0.842429 0.842429 0.937662
1.000000 0.911346 0.911346 0.963870
1.000000 0.817839 0.817839 0.955673
1.000000 0.875216 0.875216 0.978645
0.993421 0.885138 0.885138 0.954055
0.993421 0.799720 0.799720 0.945858
1.000000 0.888481 0.888481 0.983607
1.000000 0.878559 0.878559 0.939280
1.000000 0.879072 0.879072 0.967213
0.993506 0.851395 0.851395 0.964126
0.986842 0.860548 0.860548 0.954055
1.000000 0.847390 0.847390 0.937662
1.000000 0.878451 0.878451 0.957291
1.000000 0.819456 0.819456 0.959016
1.000000 0.849008 0.849008 0.927739
1.000000 0.857312 0.857312 0.916307
1.000000 0.898296 0.898296 0.983607
1.000000 0.876941 0.876941 0.978645
1.000000 0.853098 0.853098 0.962423
1.000000 0.826485 0.826485 0.921439
1.000000 0.871980 0.871980 0.945858
0.993421 0.878559 0.878559 0.962252
1.000000 0.832722 0.832722 0.939280
1.000000 0.821182 0.821182 0.955673
1.000000 0.871980 0.871980 0.937662
1.000000 0.827653 0.827653 0.983607
0.993421 0.878559 0.878559 0.993421
1.000000 0.901531 0.901531 0.975410
1.000000 0.846285 0.846285 0.947733
1.000000 0.873962 0.873962 0.983607
1.000000 0.850626 0.850626 0.967213
1.000000 0.931083 0.931083 0.977028
1.000000 0.793248 0.793248 0.954055
1.000000 0.812985 0.812985 0.952437
1.000000 0.885138 0.885138 0.945858
1.000000 0.909728 0.909728 0.962252
1.000000 0.867019 0.867019 0.978645
0.993421 0.863783 0.863783 0.963870
1.000000 0.856185 0.856185 0.960720
1.000000 0.841495 0.841495 0.949436
1.000000 0.873598 0.873598 0.986842
0.993421 0.832614 0.832614 0.932701
1.000000 0.871980 0.871980 0.947476
1.000000 0.888374 0.888374 0.972066
0.980263 0.862166 0.862166 0.945858
1.000000 0.811260 0.811260 0.927847
1.000000 0.881903 0.881903 0.967213
1.000000 0.867127 0.867127 0.991803
0.993506 0.851395 0.851395 0.931339
1.000000 0.888652 0.888652 0.991803
1.000000 0.821074 0.821074 0.939280
1.000000 0.871980 0.871980 0.962252
1.000000 0.881903 0.881903 0.949094
1.000000 0.839193 0.839193 0.954055
0.993421 0.847390 0.847390 0.968831
1.000000 0.875324 0.875324 1.000000
1.000000 0.832614 0.832614 0.936044
1.000000 0.903149 0.903149 0.970449
1.000000 0.916649 0.916649 0.977113
1.000000 0.882478 0.882478 0.978816
0.986842 0.796592 0.796592 0.931083
1.000000 0.924504 0.924504 0.963870
1.000000 0.844047 0.844047 0.960634
1.000000 0.853969 0.853969 0.970449
0.993421 0.881795 0.881795 0.963870
1.000000 0.822800 0.822800 0.945858
1.000000 0.842429 0.842429 0.962252
1.000000 0.844154 0.844154 0.942623
1.000000 0.860975 0.860975 0.939536
1.000000 0.880456 0.880456 0.975410
0.993421 0.837468 0.837468 0.960634
1.000000 0.860548 0.860548 0.954055
1.000000 0.837575 0.837575 0.934318
1.000000 0.912964 0.912964 0.986842
0.993421 0.830889 0.830889 0.957291
1.000000 0.845772 0.845772 0.960634
1.000000 0.827761 0.827761 0.937662
1.000000 0.826035 0.826035 0.936044
1.000000 0.937833 0.937833 0.977113
1.000000 0.798808 0.798808 0.950820
1.000000 0.863676 0.863676 0.945858
1.000000 0.819456 0.819456 0.991803
1.000000 0.894953 0.894953 0.954055
0.993421 0.855587 0.855587 0.931083
1.000000 0.829379 0.829379 0.939280
0.993421 0.835850 0.835850 0.993421
1.000000 0.885138 0.885138 0.978645
1.000000 0.842537 0.842537 0.947476
1.000000 0.885565 0.885565 0.977113
1.000000 0.847988 0.847988 0.923142
1.000000 0.858822 0.858822 0.967213
1.000000 0.837575 0.837575 0.939280
0.993421 0.837575 0.837575 0.970449
0.993421 0.850733 0.850733 0.945858
1.000000 0.860548 0.860548 0.968831
1.000000 0.868637 0.868637 0.954055
1.000000 0.867127 0.867127 0.962252
1.000000 0.817839 0.817839 0.945858
