0.650000 0.653846 0.515385 0.657692
0.592308 0.607692 0.515385 0.596154
0.596154 0.607692 0.534615 0.603846
0.588462 0.561538 0.507692 0.580769
0.642308 0.638462 0.511538 0.626923
0.596154 0.615385 0.538462 0.607692
0.600000 0.630769 0.542308 0.619231
0.607692 0.592308 0.519231 0.596154
0.573077 0.603846 0.484615 0.580769
0.592308 0.584615 0.553846 0.619231
0.596154 0.611538 0.546154 0.603846
0.538462 0.534615 0.507692 0.553846
0.619231 0.592308 0.515385 0.619231
0.623077 0.642308 0.515385 0.638462
0.600000 0.626923 0.519231 0.600000
0.600000 0.611538 0.526923 0.611538
0.588462 0.619231 0.534615 0.611538
0.623077 0.588462 0.526923 0.611538
0.550000 0.584615 0.534615 0.573077
0.638462 0.665385 0.480769 0.642308
0.584615 0.576923 0.507692 0.584615
0.611538 0.646154 0.511538 0.623077
0.573077 0.588462 0.546154 0.588462
0.584615 0.592308 0.638462 0.580769
0.607692 0.588462 0.511538 0.603846
0.596154 0.607692 0.488462 0.596154
0.611538 0.596154 0.542308 0.626923
0.634615 0.669231 0.511538 0.642308
0.588462 0.592308 0.534615 0.596154
0.596154 0.600000 0.538462 0.580769
0.580769 0.592308 0.519231 0.584615
0.588462 0.611538 0.530769 0.592308
0.592308 0.600000 0.523077 0.588462
0.630769 0.630769 0.530769 0.626923
0.630769 0.615385 0.515385 0.623077
0.600000 0.607692 0.515385 0.607692
0.569231 0.538462 0.534615 0.550000
0.588462 0.596154 0.523077 0.596154
0.611538 0.630769 0.503846 0.642308
0.623077 0.634615 0.511538 0.630769
0.600000 0.603846 0.515385 0.607692
0.623077 0.646154 0.546154 0.619231
0.638462 0.657692 0.492308 0.638462
0.600000 0.603846 0.503846 0.603846
0.588462 0.596154 0.523077 0.592308
0.603846 0.600000 0.550000 0.626923
0.576923 0.584615 0.496154 0.573077
0.592308 0.596154 0.515385 0.580769
0.626923 0.630769 0.511538 0.623077
0.642308 0.623077 0.530769 0.646154
0.584615 0.592308 0.530769 0.576923
0.576923 0.600000 0.500000 0.588462
0.646154 0.638462 0.511538 0.626923
0.573077 0.576923 0.523077 0.573077
0.611538 0.600000 0.546154 0.603846
0.576923 0.596154 0.526923 0.600000
0.615385 0.623077 0.519231 0.626923
0.615385 0.611538 0.538462 0.600000
0.600000 0.630769 0.507692 0.634615
0.638462 0.630769 0.519231 0.638462
0.626923 0.642308 0.515385 0.638462
0.615385 0.650000 0.511538 0.630769
0.557692 0.538462 0.530769 0.550000
0.592308 0.603846 0.507692 0.611538
0.623077 0.603846 0.515385 0.607692
0.573077 0.580769 0.530769 0.588462
0.580769 0.600000 0.511538 0.592308
0.615385 0.623077 0.519231 0.615385
0.580769 0.607692 0.526923 0.573077
0.607692 0.607692 0.519231 0.611538
0.576923 0.603846 0.542308 0.561538
0.615385 0.611538 0.526923 0.615385
0.588462 0.600000 0.557692 0.603846
0.650000 0.626923 0.500000 0.650000
0.603846 0.615385 0.515385 0.611538
0.607692 0.596154 0.515385 0.603846
0.615385 0.634615 0.503846 0.611538
0.592308 0.588462 0.526923 0.592308
0.619231 0.630769 0.530769 0.626923
0.553846 0.580769 0.500000 0.573077
0.634615 0.638462 0.515385 0.634615
0.569231 0.607692 0.523077 0.580769
0.611538 0.630769 0.538462 0.634615
0.615385 0.630769 0.538462 0.626923
0.561538 0.588462 0.550000 0.561538
0.584615 0.588462 0.507692 0.603846
0.600000 0.607692 0.519231 0.596154
0.592308 0.576923 0.492308 0.584615
0.611538 0.603846 0.546154 0.600000
0.600000 0.619231 0.492308 0.607692
0.607692 0.607692 0.519231 0.611538
0.580769 0.600000 0.507692 0.607692
0.611538 0.638462 0.523077 0.642308
0.611538 0.615385 0.523077 0.584615
0.615385 0.619231 0.515385 0.615385
0.569231 0.573077 0.546154 0.561538
0.576923 0.588462 0.534615 0.573077
0.638462 0.665385 0.476923 0.650000
0.569231 0.576923 0.526923 0.573077
0.646154 0.657692 0.515385 0.653846
