0.831349 0.817460 0.831746 0.846032
0.810317 0.815873 0.817063 0.809524
0.783333 0.803175 0.782143 0.776190
0.829365 0.800794 0.802381 0.857937
0.865476 0.865476 0.817063 0.872619
0.865338 0.831522 0.803140 0.858696
0.864286 0.878571 0.842857 0.857143
0.892857 0.821429 0.814286 0.807143
0.857143 0.835714 0.857143 0.835714
0.857143 0.807143 0.807143 0.828571
0.832937 0.816270 0.810317 0.824603
0.831746 0.872619 0.810317 0.810714
0.810714 0.810714 0.845635 0.825000
0.817063 0.817063 0.803968 0.831746
0.922619 0.900794 0.922619 0.894444
0.850845 0.815821 0.815821 0.807971
0.828571 0.792857 0.785714 0.828571
0.850000 0.857143 0.835714 0.885714
0.842857 0.807143 0.792857 0.807143
0.857143 0.807143 0.807143 0.842857
0.831746 0.908730 0.866667 0.908333
0.865873 0.873413 0.873413 0.880556
0.873810 0.773810 0.746429 0.809921
0.858730 0.767857 0.782540 0.782540
0.824206 0.809524 0.824206 0.830952
0.858696 0.856884 0.849638 0.843599
0.907143 0.907143 0.921429 0.871429
0.821429 0.807143 0.771429 0.800000
0.778571 0.771429 0.785714 0.792857
0.828571 0.792857 0.814286 0.828571
0.832143 0.816667 0.859127 0.838095
0.887302 0.838492 0.824206 0.866667
0.844841 0.789286 0.768254 0.803175
0.802778 0.767460 0.718254 0.809524
0.886905 0.851984 0.873016 0.886508
0.852053 0.830314 0.808575 0.824275
0.850000 0.814286 0.807143 0.814286
0.842857 0.778571 0.800000 0.792857
0.914286 0.871429 0.850000 0.864286
0.828571 0.864286 0.864286 0.892857
0.817857 0.767857 0.774206 0.788889
0.872619 0.795635 0.782143 0.810714
0.865873 0.801984 0.844841 0.859127
0.783333 0.760317 0.746825 0.775000
0.922619 0.915873 0.873413 0.894444
0.914251 0.893116 0.873188 0.886473
0.828571 0.835714 0.835714 0.800000
0.871429 0.835714 0.850000 0.864286
0.842857 0.850000 0.835714 0.842857
0.842857 0.828571 0.857143 0.864286
0.908730 0.788095 0.795238 0.796032
0.872222 0.837698 0.788492 0.838095
0.879762 0.809127 0.844444 0.845238
0.845238 0.872619 0.873413 0.873413
0.894841 0.887302 0.845635 0.887302
0.859300 0.823068 0.801329 0.829710
0.792857 0.771429 0.785714 0.785714
0.850000 0.814286 0.828571 0.857143
0.792857 0.821429 0.842857 0.842857
0.842857 0.785714 0.807143 0.821429
0.839286 0.775794 0.789683 0.803571
0.844444 0.810714 0.831746 0.844841
0.866667 0.851587 0.865873 0.859127
0.852778 0.823413 0.838492 0.859127
0.922619 0.865476 0.865873 0.894048
0.737923 0.780193 0.737319 0.745169
0.850000 0.835714 0.821429 0.828571
0.900000 0.828571 0.850000 0.878571
0.842857 0.835714 0.800000 0.828571
0.835714 0.778571 0.778571 0.828571
0.872619 0.857937 0.872619 0.880159
0.851190 0.815079 0.816270 0.858730
0.887698 0.824603 0.810714 0.873413
0.865476 0.844048 0.865873 0.858333
0.804365 0.782540 0.761905 0.803968
0.871981 0.878623 0.836353 0.864734
0.778571 0.807143 0.850000 0.792857
0.871429 0.792857 0.778571 0.792857
0.878571 0.885714 0.871429 0.907143
0.764286 0.757143 0.771429 0.778571
0.839286 0.830952 0.837698 0.831349
0.844841 0.739683 0.754365 0.789286
0.810317 0.761111 0.782540 0.796032
0.809921 0.766667 0.739683 0.823413
0.858730 0.865873 0.873016 0.851587
0.872585 0.856280 0.864130 0.871377
0.814286 0.821429 0.821429 0.821429
0.900000 0.864286 0.900000 0.907143
0.842857 0.821429 0.842857 0.828571
0.835714 0.835714 0.814286 0.871429
0.838095 0.796429 0.768651 0.824206
0.761508 0.768254 0.782143 0.768651
0.915873 0.866270 0.873413 0.880556
0.844444 0.844841 0.844841 0.830952
0.795635 0.844048 0.795635 0.795635
0.851449 0.792271 0.785628 0.800121
0.842857 0.857143 0.850000 0.850000
0.857143 0.864286 0.807143 0.892857
0.871429 0.835714 0.857143 0.857143
0.871429 0.835714 0.821429 0.835714
