0.934416 0.934416 0.911688 0.934416
0.928571 0.928571 0.914286 0.928571
0.972222 0.972222 0.924603 0.972222
0.934524 0.934524 0.938492 0.934524
0.906746 0.906746 0.906746 0.920635
0.972222 0.972222 0.972222 0.972222
0.910714 0.886905 0.863095 0.886905
0.910714 0.896825 0.896825 0.896825
0.910714 0.910714 0.890873 0.910714
0.947619 0.947619 0.900000 0.947619
0.823377 0.823377 0.837662 0.837662
0.829221 0.829221 0.814935 0.829221
0.934524 0.934524 0.920635 0.934524
0.958333 0.958333 0.948413 0.972222
0.972222 0.972222 0.928571 0.972222
0.986111 0.986111 0.986111 0.986111
0.972222 0.972222 0.972222 0.972222
0.972222 0.972222 0.972222 0.972222
0.910714 0.934524 0.900794 0.910714
0.919048 0.933333 0.919048 0.933333
0.948701 0.948701 0.934416 0.948701
0.948701 0.948701 0.934416 0.948701
0.920635 0.920635 0.924603 0.920635
0.986111 0.962302 0.962302 0.962302
0.920635 0.920635 0.920635 0.920635
0.906746 0.906746 0.849206 0.906746
0.910714 0.910714 0.910714 0.910714
0.934524 0.920635 0.882937 0.920635
0.944444 0.958333 0.944444 0.958333
0.866667 0.866667 0.866667 0.866667
0.891558 0.891558 0.868831 0.891558
0.928571 0.905844 0.911688 0.905844
1.000000 1.000000 0.986111 1.000000
0.886905 0.886905 0.900794 0.910714
0.882937 0.882937 0.873016 0.882937
0.948413 0.948413 0.948413 0.948413
0.986111 0.986111 0.986111 0.986111
0.948413 0.948413 0.900794 0.948413
0.892857 0.906746 0.892857 0.906746
0.947619 0.852381 0.852381 0.947619
0.888961 0.888961 0.894805 0.888961
0.911688 0.925974 0.925974 0.925974
0.986111 0.986111 0.972222 0.986111
0.948413 0.948413 0.924603 0.948413
0.986111 0.986111 0.962302 0.986111
0.873016 0.873016 0.873016 0.873016
0.920635 0.920635 0.837302 0.920635
0.972222 0.972222 0.962302 0.986111
0.906746 0.906746 0.882937 0.906746
0.919048 0.919048 0.895238 0.919048
0.872078 0.872078 0.849351 0.872078
0.971429 0.971429 0.971429 0.971429
0.972222 0.972222 0.948413 0.972222
0.962302 0.962302 0.928571 0.962302
0.906746 0.920635 0.892857 0.920635
0.948413 0.934524 0.906746 0.934524
0.916667 0.916667 0.916667 0.916667
0.958333 0.958333 0.958333 0.958333
0.972222 0.972222 0.972222 0.972222
0.857143 0.857143 0.800000 0.880952
0.942857 0.928571 0.905844 0.928571
0.903247 0.903247 0.880519 0.903247
0.944444 0.944444 0.920635 0.944444
0.944444 0.944444 0.930556 0.944444
0.906746 0.906746 0.882937 0.906746
0.900794 0.900794 0.890873 0.900794
0.986111 0.986111 0.976190 0.986111
0.934524 0.934524 0.910714 0.934524
0.948413 0.948413 0.920635 0.962302
0.947619 0.947619 0.947619 0.947619
0.957143 0.942857 0.942857 0.957143
0.948701 0.948701 0.948701 0.948701
0.853175 0.853175 0.829365 0.853175
0.892857 0.878968 0.851190 0.878968
0.938492 0.938492 0.962302 0.938492
0.944444 0.944444 0.944444 0.944444
0.910714 0.910714 0.910714 0.910714
0.986111 0.986111 0.972222 0.986111
0.934524 0.934524 0.934524 0.934524
0.861905 0.861905 0.861905 0.861905
0.948701 0.948701 0.925974 0.948701
0.888961 0.888961 0.903247 0.888961
0.934524 0.934524 0.920635 0.934524
0.958333 0.958333 0.958333 0.958333
0.958333 0.958333 0.944444 0.958333
0.924603 0.900794 0.867063 0.900794
0.958333 0.986111 0.958333 0.986111
0.934524 0.934524 0.934524 0.934524
0.892857 0.892857 0.859127 0.892857
0.904762 0.904762 0.904762 0.904762
0.971429 0.971429 0.957143 0.971429
0.866234 0.874675 0.846104 0.874675
0.944444 0.944444 0.944444 0.944444
0.906746 0.906746 0.906746 0.906746
0.972222 0.948413 0.938492 0.948413
1.000000 1.000000 0.958333 1.000000
0.972222 0.972222 0.948413 0.972222
0.882937 0.882937 0.882937 0.882937
0.920635 0.934524 0.920635 0.934524
0.909524 0.909524 0.838095 0.909524
