0.959184 0.659184 0.542857 0.959184
0.789796 0.579592 0.500000 0.789796
0.889796 0.877551 0.361224 0.889796
0.659184 0.408163 0.520408 0.659184
0.979592 0.718367 0.500000 0.979592
0.879592 0.779592 0.265306 0.879592
0.730000 0.785000 0.575000 0.730000
0.865000 0.835000 0.500000 0.865000
0.990000 0.960000 0.580000 0.990000
0.815000 0.715000 0.530000 0.815000
0.908163 0.797959 0.440816 0.908163
0.779592 0.759184 0.410204 0.779592
0.879592 0.797959 0.430612 0.879592
0.879592 0.689796 0.500000 0.879592
0.769388 0.748980 0.463265 0.769388
0.879592 0.767347 0.346939 0.879592
0.980000 0.870000 0.570000 0.980000
0.990000 0.450000 0.500000 0.990000
0.855000 0.835000 0.415000 0.855000
0.930000 0.575000 0.390000 0.930000
0.900000 0.869388 0.500000 0.900000
0.859184 0.708163 0.616327 0.859184
0.879592 0.746939 0.508163 0.879592
0.879592 0.697959 0.542857 0.879592
0.779592 0.848980 0.500000 0.779592
0.979592 0.608163 0.612245 0.979592
0.960000 0.680000 0.600000 0.960000
0.970000 0.690000 0.500000 0.970000
0.815000 0.680000 0.680000 0.815000
0.960000 0.785000 0.600000 0.960000
0.948980 0.738776 0.500000 0.948980
0.879592 0.748980 0.567347 0.879592
0.789796 0.489796 0.642857 0.789796
0.959184 0.767347 0.602041 0.959184
0.928571 0.648980 0.451020 0.928571
0.779592 0.748980 0.500000 0.779592
0.950000 0.690000 0.500000 0.950000
0.835000 0.795000 0.775000 0.835000
0.855000 0.940000 0.530000 0.855000
0.740000 0.730000 0.500000 0.740000
0.748980 0.838776 0.500000 0.748980
0.918367 0.808163 0.638776 0.918367
0.879592 0.787755 0.500000 0.879592
0.948980 0.638776 0.500000 0.948980
0.789796 0.838776 0.520408 0.789796
0.969388 0.938776 0.497959 0.969388
0.865000 0.700000 0.600000 0.865000
0.730000 0.865000 0.500000 0.730000
0.845000 0.815000 0.550000 0.845000
0.835000 0.670000 0.500000 0.835000
0.900000 0.908163 0.453061 0.900000
0.779592 0.648980 0.538776 0.779592
0.938776 0.757143 0.493878 0.938776
0.889796 0.848980 0.536735 0.889796
0.748980 0.848980 0.500000 0.748980
0.879592 0.718367 0.420408 0.879592
0.980000 0.750000 0.510000 0.980000
0.960000 0.700000 0.500000 0.960000
0.825000 0.725000 0.585000 0.825000
0.920000 0.605000 0.680000 0.920000
0.869388 0.728571 0.426531 0.869388
0.779592 0.797959 0.500000 0.779592
0.879592 0.608163 0.448980 0.879592
0.900000 0.559184 0.500000 0.900000
0.859184 0.808163 0.685714 0.859184
0.948980 0.789796 0.500000 0.948980
0.700000 0.650000 0.500000 0.700000
0.960000 0.815000 0.470000 0.960000
0.875000 0.515000 0.500000 0.875000
0.970000 0.845000 0.500000 0.970000
1.000000 0.969388 0.477551 1.000000
0.859184 0.938776 0.418367 0.859184
0.948980 0.979592 0.500000 0.948980
0.859184 0.708163 0.500000 0.859184
0.879592 0.828571 0.606122 0.879592
0.979592 0.848980 0.500000 0.979592
0.980000 0.970000 0.500000 0.980000
0.720000 0.555000 0.415000 0.720000
0.690000 0.565000 0.490000 0.690000
0.950000 0.420000 0.740000 0.950000
0.889796 0.689796 0.485714 0.889796
0.789796 0.908163 0.281633 0.789796
0.889796 0.689796 0.500000 0.889796
0.848980 0.697959 0.500000 0.848980
0.969388 0.789796 0.604082 0.969388
0.838776 0.438776 0.555102 0.838776
0.950000 0.640000 0.500000 0.950000
0.855000 0.640000 0.465000 0.855000
0.865000 0.940000 0.565000 0.865000
0.855000 0.825000 0.575000 0.855000
0.748980 0.818367 0.479592 0.748980
0.889796 0.838776 0.444898 0.889796
0.789796 0.869388 0.295918 0.789796
0.828571 0.548980 0.581633 0.828571
1.000000 0.759184 0.500000 1.000000
0.979592 0.648980 0.420408 0.979592
0.750000 0.575000 0.595000 0.750000
0.835000 0.855000 0.430000 0.835000
0.960000 0.805000 0.705000 0.960000
0.865000 0.900000 0.385000 0.865000
