0.775983 0.731252 0.563461 0.764502
0.781216 0.736582 0.570130 0.772639
0.761834 0.724273 0.563208 0.766207
0.757007 0.707609 0.558811 0.759521
0.766214 0.721746 0.585120 0.766040
0.763885 0.704158 0.572454 0.759417
0.777418 0.712204 0.557419 0.772759
0.772353 0.728416 0.580414 0.759306
0.760188 0.677570 0.581058 0.765674
0.768536 0.733949 0.596300 0.767638
0.761548 0.682600 0.555571 0.758177
0.777981 0.731534 0.587188 0.768931
0.768027 0.714701 0.576080 0.763241
0.769116 0.703879 0.585224 0.762748
0.766382 0.722366 0.571938 0.758669
0.773443 0.740239 0.584962 0.770644
0.771653 0.728647 0.566650 0.772568
0.760697 0.724361 0.568798 0.762979
0.751330 0.712610 0.571158 0.762621
0.783779 0.715170 0.567366 0.778611
0.784931 0.701729 0.589090 0.774638
0.781087 0.733621 0.574745 0.776568
0.763798 0.713834 0.564170 0.757604
0.751823 0.701503 0.568590 0.755616
0.772981 0.707235 0.571342 0.768044
0.760252 0.720218 0.573345 0.759139
0.761961 0.735684 0.579475 0.770986
0.768838 0.708357 0.569147 0.760975
0.765460 0.715258 0.565061 0.766462
0.777720 0.730373 0.573249 0.770906
0.768656 0.715388 0.580733 0.767654
0.769961 0.718252 0.566956 0.769117
0.774445 0.735708 0.574888 0.783373
0.762668 0.714223 0.571580 0.762605
0.767065 0.720775 0.583880 0.762645
0.763137 0.697837 0.551440 0.761317
0.777800 0.718478 0.570825 0.760522
0.762001 0.707871 0.575246 0.761675
0.767424 0.733728 0.579412 0.760308
0.776305 0.710415 0.576462 0.769149
0.761446 0.711983 0.570288 0.761103
0.766252 0.730268 0.574902 0.759606
0.765483 0.715703 0.563979 0.754742
0.784661 0.731502 0.578021 0.781409
0.769602 0.726374 0.561180 0.769340
0.765785 0.703919 0.573091 0.759099
0.772441 0.705009 0.573393 0.771328
0.768727 0.725577 0.574053 0.763328
0.768496 0.729538 0.576231 0.764736
0.777330 0.732240 0.593119 0.772313
0.757957 0.721027 0.566208 0.758795
0.770793 0.702719 0.554266 0.774198
0.763416 0.718533 0.568121 0.763774
0.766860 0.710988 0.575460 0.763194
0.782442 0.728727 0.571660 0.765674
0.755218 0.711973 0.582385 0.756133
0.765721 0.727732 0.569139 0.768751
0.763194 0.724330 0.580676 0.764219
0.779365 0.732622 0.581225 0.772806
0.776288 0.709660 0.575460 0.770453
0.769027 0.711983 0.573405 0.761693
0.779067 0.725326 0.580890 0.773951
0.764910 0.729083 0.574036 0.764863
0.764696 0.690801 0.566086 0.761572
0.775279 0.728640 0.572096 0.774103
0.778952 0.734093 0.578641 0.766247
0.759448 0.711417 0.568678 0.758502
0.785233 0.727725 0.576891 0.779080
0.755958 0.711504 0.567326 0.763687
0.759521 0.718502 0.567095 0.753954
0.767660 0.704093 0.569923 0.767715
0.773580 0.698200 0.590126 0.761328
0.755687 0.723764 0.582847 0.760617
0.766938 0.733648 0.575118 0.763472
0.780471 0.721682 0.577233 0.770604
0.767424 0.724575 0.576573 0.762446
0.760872 0.723026 0.569163 0.754527
0.776281 0.730674 0.569830 0.775661
0.771811 0.712141 0.560305 0.769689
0.769189 0.732193 0.565402 0.772608
0.773298 0.727290 0.578459 0.765250
0.762268 0.739272 0.580581 0.766438
0.774221 0.739754 0.579928 0.767956
0.766851 0.716983 0.572025 0.772250
0.765738 0.704301 0.562738 0.753032
0.746846 0.723081 0.570141 0.741121
0.764705 0.701399 0.568074 0.756467
0.775136 0.729767 0.587077 0.775772
0.774508 0.710320 0.558978 0.772155
0.784024 0.726508 0.576811 0.776416
0.770614 0.711640 0.572128 0.761322
0.759612 0.718793 0.578589 0.749510
0.775350 0.726206 0.571063 0.780725
0.762239 0.720657 0.570038 0.760506
0.771693 0.709811 0.567668 0.758391
0.763241 0.708229 0.564257 0.759346
0.767813 0.733838 0.585582 0.770882
0.764521 0.711624 0.576104 0.753056
0.767042 0.732773 0.570634 0.776027
0.787245 0.738497 0.574609 0.777116
