0.854545 0.831818 0.831818 0.854545
0.931818 0.831818 0.931818 0.931818
0.761905 0.761905 0.761905 0.761905
0.654762 0.714286 0.714286 0.654762
0.761905 0.761905 0.761905 0.761905
0.654762 0.654762 0.654762 0.654762
0.821429 0.821429 0.821429 0.821429
0.680952 0.680952 0.680952 0.680952
0.704762 0.704762 0.704762 0.704762
0.904762 0.904762 0.928571 0.904762
0.909091 0.909091 0.909091 0.909091
0.631818 0.731818 0.731818 0.631818
0.785714 0.726190 0.738095 0.809524
0.761905 0.761905 0.761905 0.761905
0.690476 0.690476 0.690476 0.714286
0.845238 0.845238 0.869048 0.845238
0.678571 0.761905 0.761905 0.761905
0.704762 0.628571 0.728571 0.604762
0.928571 0.928571 0.928571 0.928571
0.880952 0.880952 0.880952 0.880952
0.563636 0.663636 0.640909 0.663636
0.886364 0.909091 0.886364 0.909091
0.654762 0.654762 0.654762 0.654762
0.654762 0.654762 0.654762 0.654762
0.571429 0.571429 0.654762 0.571429
0.952381 0.952381 0.952381 0.952381
0.821429 0.821429 0.797619 0.821429
0.828571 0.728571 0.752381 0.828571
0.852381 0.852381 0.752381 0.852381
0.952381 0.952381 0.952381 0.952381
0.900000 0.900000 0.900000 0.900000
0.731818 0.731818 0.731818 0.731818
0.845238 0.761905 0.761905 0.845238
0.869048 0.869048 0.869048 0.869048
0.738095 0.714286 0.714286 0.738095
0.773810 0.773810 0.773810 0.773810
0.928571 0.845238 0.928571 0.928571
0.657143 0.780952 0.780952 0.680952
0.528571 0.528571 0.528571 0.528571
0.733333 0.780952 0.733333 0.733333
0.631818 0.631818 0.609091 0.609091
0.754545 0.754545 0.754545 0.754545
0.630952 0.654762 0.654762 0.654762
0.797619 0.797619 0.797619 0.797619
0.809524 0.809524 0.809524 0.809524
0.797619 0.797619 0.714286 0.797619
0.845238 0.845238 0.869048 0.845238
0.904762 0.952381 0.952381 0.952381
0.857143 0.857143 0.857143 0.857143
0.904762 0.904762 0.880952 0.904762
0.609091 0.509091 0.531818 0.509091
0.686364 0.709091 0.686364 0.731818
0.952381 0.952381 0.952381 0.952381
0.821429 0.821429 0.821429 0.821429
0.821429 0.821429 0.821429 0.821429
0.678571 0.761905 0.702381 0.678571
0.869048 0.869048 0.869048 0.869048
0.733333 0.633333 0.533333 0.533333
0.752381 0.728571 0.704762 0.728571
0.928571 0.928571 0.928571 0.928571
0.686364 0.686364 0.709091 0.709091
0.831818 0.854545 0.854545 0.831818
0.678571 0.619048 0.619048 0.702381
0.630952 0.630952 0.630952 0.630952
0.666667 0.666667 0.666667 0.666667
0.821429 0.821429 0.821429 0.738095
0.809524 0.809524 0.809524 0.809524
0.704762 0.804762 0.704762 0.804762
0.928571 0.952381 0.928571 0.952381
0.904762 0.904762 0.904762 0.904762
0.909091 0.831818 0.909091 0.909091
0.954545 0.931818 0.954545 0.954545
0.571429 0.773810 0.797619 0.654762
0.750000 0.750000 0.750000 0.750000
0.642857 0.642857 0.642857 0.642857
0.869048 0.869048 0.869048 0.869048
0.845238 0.845238 0.845238 0.845238
0.704762 0.704762 0.704762 0.704762
0.652381 0.752381 0.752381 0.652381
0.680952 0.680952 0.680952 0.680952
0.786364 0.786364 0.731818 0.886364
0.886364 0.886364 0.886364 0.886364
0.654762 0.654762 0.654762 0.654762
0.821429 0.821429 0.821429 0.821429
0.785714 0.869048 0.845238 0.809524
0.702381 0.702381 0.702381 0.702381
0.702381 0.785714 0.785714 0.702381
0.857143 0.857143 0.833333 0.857143
0.704762 0.752381 0.728571 0.728571
0.828571 0.828571 0.828571 0.828571
0.586364 0.586364 0.586364 0.586364
0.754545 0.754545 0.709091 0.754545
0.857143 0.904762 0.904762 0.857143
0.809524 0.809524 0.726190 0.809524
0.821429 0.821429 0.821429 0.821429
0.726190 0.690476 0.797619 0.773810
0.845238 0.845238 0.845238 0.845238
0.828571 0.804762 0.804762 0.804762
0.876190 0.876190 0.876190 0.876190
0.757143 0.757143 0.680952 0.757143
