0.844901 0.768363 0.768363 0.813817
0.830211 0.719502 0.719502 0.782734
0.830781 0.729077 0.729077 0.796376
0.878559 0.801337 0.801337 0.860548
0.829271 0.747088 0.747088 0.798102
0.878559 0.779983 0.779983 0.826035
0.839085 0.719262 0.719262 0.804681
0.840703 0.751941 0.751941 0.821074
0.883520 0.809534 0.809534 0.860548
0.827545 0.742127 0.742127 0.788179
0.861294 0.766979 0.766979 0.831914
0.817224 0.696934 0.696934 0.773153
0.860332 0.750431 0.750431 0.829271
0.834232 0.757118 0.757118 0.794866
0.855587 0.737489 0.737489 0.817839
0.821074 0.765207 0.765207 0.816221
0.829163 0.735548 0.735548 0.796376
0.867019 0.752157 0.752157 0.811260
0.865401 0.784836 0.784836 0.875324
0.850626 0.770060 0.770060 0.816113
0.887268 0.815840 0.815840 0.880775
0.813817 0.693528 0.693528 0.808708
0.880177 0.794866 0.794866 0.832614
0.825928 0.722498 0.722498 0.822692
0.825928 0.760246 0.760246 0.791523
0.807916 0.730802 0.730802 0.789905
0.849008 0.729185 0.729185 0.789905
0.876833 0.770168 0.770168 0.816113
0.829163 0.745362 0.745362 0.809534
0.855587 0.784944 0.784944 0.824418
0.831914 0.740686 0.740686 0.805621
0.862678 0.773472 0.773472 0.841495
0.807808 0.699418 0.699418 0.738891
0.875216 0.811152 0.811152 0.850626
0.797994 0.699633 0.699633 0.766933
0.826143 0.748814 0.748814 0.804789
0.842429 0.765207 0.765207 0.803063
0.870255 0.784728 0.784728 0.862058
0.848900 0.760354 0.760354 0.822692
0.852243 0.791415 0.791415 0.844047
0.838407 0.748882 0.748882 0.794337
0.828827 0.745795 0.745795 0.817224
0.875216 0.752157 0.752157 0.793248
0.821074 0.738999 0.738999 0.775129
0.840703 0.735440 0.735440 0.840703
0.834232 0.794758 0.794758 0.827653
0.829271 0.725733 0.725733 0.811260
0.801445 0.696398 0.696398 0.768658
0.853861 0.740509 0.740509 0.819456
0.886756 0.809642 0.809642 0.853969
0.789866 0.736215 0.736215 0.792953
0.862998 0.742708 0.742708 0.815521
0.844047 0.743745 0.743745 0.809534
0.860440 0.812770 0.812770 0.865401
0.871980 0.801337 0.801337 0.853969
0.858822 0.791523 0.791523 0.840811
0.835850 0.745470 0.745470 0.788287
0.811152 0.742235 0.742235 0.809534
0.789905 0.698016 0.698016 0.760462
0.860548 0.771894 0.771894 0.821182
0.871194 0.749202 0.749202 0.822014
0.871194 0.786459 0.786459 0.857888
0.779983 0.707830 0.707830 0.783326
0.878451 0.797886 0.797886 0.835850
0.812877 0.729077 0.729077 0.788287
0.881795 0.809426 0.809426 0.848900
0.843939 0.750324 0.750324 0.822692
0.871980 0.775129 0.775129 0.826035
0.811368 0.681622 0.681622 0.785052
0.785052 0.716027 0.716027 0.762079
0.858207 0.756760 0.756760 0.828508
0.840111 0.794656 0.794656 0.851395
0.837468 0.738891 0.738891 0.811260
0.860440 0.776639 0.776639 0.796376
0.893335 0.794651 0.794651 0.886756
0.866911 0.771678 0.771678 0.825928
0.842429 0.717537 0.717537 0.808024
0.832614 0.763697 0.763697 0.781816
0.791523 0.691329 0.691329 0.745686
0.812770 0.738783 0.738783 0.804573
0.910155 0.812114 0.812114 0.843198
0.781350 0.690441 0.690441 0.756760
0.840703 0.738783 0.738783 0.822692
0.816113 0.683348 0.683348 0.747304
0.839085 0.724008 0.724008 0.806299
0.899914 0.811152 0.811152 0.876941
0.819456 0.743852 0.743852 0.803063
0.817731 0.755393 0.755393 0.801337
0.857097 0.779875 0.779875 0.830889
0.858822 0.768443 0.768443 0.824418
0.887588 0.785076 0.785076 0.854801
0.828827 0.774856 0.774856 0.822333
0.870362 0.786562 0.786562 0.839193
0.819456 0.704594 0.704594 0.793248
0.830889 0.742235 0.742235 0.827653
0.834340 0.719262 0.719262 0.798210
0.821074 0.751941 0.751941 0.786562
0.842321 0.763589 0.763589 0.814495
0.819456 0.722606 0.722606 0.784944
0.847282 0.735548 0.735548 0.819456
