0.772727 0.772727 0.686364 0.718182
0.854545 0.831818 0.609091 0.731818
0.619048 0.773810 0.535714 0.845238
0.773810 0.702381 0.666667 0.619048
0.619048 0.583333 0.619048 0.726190
0.607143 0.726190 0.773810 0.952381
0.666667 0.523810 0.333333 0.630952
0.657143 0.557143 0.904762 0.657143
0.733333 0.809524 0.633333 0.704762
0.757143 0.657143 0.557143 0.657143
0.840909 0.763636 0.840909 0.840909
0.740909 0.731818 0.709091 0.754545
0.833333 0.773810 0.476190 0.773810
0.619048 0.654762 0.678571 0.750000
0.619048 0.702381 0.559524 0.797619
0.666667 0.738095 0.535714 0.595238
0.761905 0.714286 0.690476 0.904762
0.485714 0.557143 0.533333 0.628571
0.733333 0.828571 0.680952 0.852381
0.609524 0.557143 0.633333 0.704762
0.718182 0.686364 0.686364 0.854545
0.550000 0.550000 0.550000 0.709091
0.880952 0.714286 0.630952 0.630952
0.880952 0.738095 0.845238 0.821429
0.666667 0.559524 0.773810 0.726190
0.690476 0.773810 0.738095 0.690476
0.559524 0.773810 0.666667 0.773810
0.685714 0.609524 0.733333 0.757143
0.661905 0.609524 0.704762 0.728571
0.633333 0.780952 0.733333 0.833333
0.618182 0.663636 0.495455 0.663636
0.563636 0.718182 0.595455 0.740909
0.642857 0.535714 0.690476 0.583333
0.642857 0.738095 0.797619 0.595238
0.773810 0.797619 0.488095 0.797619
0.726190 0.773810 0.773810 0.666667
0.511905 0.583333 0.761905 0.821429
0.857143 0.804762 0.733333 0.780952
0.738095 0.733333 0.780952 0.928571
0.804762 0.704762 0.580952 0.828571
0.695455 0.695455 0.518182 0.695455
0.695455 0.763636 0.718182 0.809091
0.666667 0.785714 0.773810 0.714286
0.654762 0.654762 0.785714 0.595238
0.678571 0.642857 0.595238 0.690476
0.726190 0.726190 0.595238 0.797619
0.690476 0.714286 0.642857 0.630952
0.609524 0.680952 0.628571 0.604762
0.733333 0.780952 0.709524 0.928571
0.857143 0.680952 0.728571 0.733333
0.509091 0.831818 0.631818 0.909091
0.786364 0.518182 0.763636 0.631818
0.833333 0.773810 0.583333 0.761905
0.797619 0.619048 0.785714 0.761905
0.619048 0.714286 0.726190 0.773810
0.559524 0.630952 0.607143 0.761905
0.666667 0.773810 0.666667 0.714286
0.585714 0.609524 0.657143 0.757143
0.661905 0.809524 0.485714 0.785714
0.685714 0.757143 0.804762 0.680952
0.695455 0.818182 0.540909 0.795455
0.563636 0.709091 0.618182 0.586364
0.666667 0.797619 0.821429 0.821429
0.785714 0.690476 0.666667 0.797619
0.500000 0.761905 0.630952 0.821429
0.809524 0.880952 0.666667 0.880952
0.738095 0.702381 0.595238 0.559524
0.604762 0.380952 0.804762 0.728571
0.685714 0.628571 0.580952 0.657143
0.780952 0.580952 0.652381 0.604762
0.763636 0.386364 0.631818 0.731818
0.809091 0.686364 0.740909 0.663636
0.761905 0.809524 0.821429 0.690476
0.666667 0.821429 0.738095 0.785714
0.583333 0.833333 0.535714 0.583333
0.750000 0.666667 0.726190 0.845238
0.702381 0.833333 0.523810 0.619048
0.585714 0.680952 0.633333 0.704762
0.585714 0.880952 0.685714 0.833333
0.609524 0.709524 0.609524 0.657143
0.695455 0.718182 0.663636 0.686364
0.886364 0.831818 0.863636 0.877273
0.642857 0.654762 0.797619 0.845238
0.714286 0.845238 0.500000 0.797619
0.583333 0.595238 0.452381 0.583333
0.726190 0.702381 0.654762 0.857143
0.690476 0.773810 0.738095 0.738095
0.833333 0.557143 0.557143 0.652381
0.809524 0.733333 0.833333 0.657143
0.509524 0.833333 0.633333 0.433333
0.763636 0.909091 0.609091 0.886364
0.650000 0.740909 0.686364 0.540909
0.523810 0.690476 0.607143 0.738095
0.690476 0.607143 0.630952 0.547619
0.476190 0.619048 0.380952 0.607143
0.726190 0.630952 0.690476 0.654762
0.738095 0.821429 0.690476 0.654762
0.761905 0.709524 0.709524 0.661905
0.609524 0.657143 0.604762 0.776190
0.657143 0.485714 0.733333 0.657143
