0.999696 0.899501 0.899501 0.990443
0.999768 0.906588 0.906588 0.990232
0.999747 0.890108 0.890108 0.988105
0.999721 0.895728 0.895728 0.990801
0.999370 0.891641 0.891641 0.990246
0.999640 0.890286 0.890286 0.989895
0.999696 0.895412 0.895412 0.991539
0.999618 0.902430 0.902430 0.989237
0.999614 0.889119 0.889119 0.989982
0.999464 0.881567 0.881567 0.990414
0.999665 0.885153 0.885153 0.989881
0.999717 0.902644 0.902644 0.988456
0.999670 0.887538 0.887538 0.988601
0.999871 0.894358 0.894358 0.990286
0.999593 0.887929 0.887929 0.990155
0.999567 0.890564 0.890564 0.988954
0.999640 0.903422 0.903422 0.990078
0.999640 0.906636 0.906636 0.991332
0.999696 0.889961 0.889961 0.990263
0.999649 0.885678 0.885678 0.990844
0.999644 0.895508 0.895508 0.991344
0.999593 0.895117 0.895117 0.989603
0.999768 0.896617 0.896617 0.990464
0.999820 0.890531 0.890531 0.989849
0.999649 0.906951 0.906951 0.990565
0.999665 0.894944 0.894944 0.989011
0.999515 0.910128 0.910128 0.989673
0.999691 0.893517 0.893517 0.990349
0.999417 0.889781 0.889781 0.989549
0.999696 0.899827 0.899827 0.990095
0.999743 0.897345 0.897345 0.990279
0.999640 0.886648 0.886648 0.989621
0.999665 0.901607 0.901607 0.989673
0.999443 0.889328 0.889328 0.989785
0.999696 0.894845 0.894845 0.990190
0.999546 0.889326 0.889326 0.989621
0.999644 0.910165 0.910165 0.990473
0.999747 0.890057 0.890057 0.989610
0.999443 0.907034 0.907034 0.991262
0.999820 0.893420 0.893420 0.991083
0.999644 0.881763 0.881763 0.989181
0.999675 0.896018 0.896018 0.990057
0.999670 0.893144 0.893144 0.989011
0.999644 0.894459 0.894459 0.991239
0.999691 0.898314 0.898314 0.990422
0.999717 0.883455 0.883455 0.990289
0.999794 0.910350 0.910350 0.990481
0.999691 0.891045 0.891045 0.991136
0.999541 0.893316 0.893316 0.989717
0.999618 0.912484 0.912484 0.990177
0.999562 0.899939 0.899939 0.989795
0.999691 0.885078 0.885078 0.991105
0.999743 0.891606 0.891606 0.990040
0.999768 0.895615 0.895615 0.988229
0.999794 0.893148 0.893148 0.990197
0.999546 0.893450 0.893450 0.990193
0.999644 0.897584 0.897584 0.990850
0.999644 0.896377 0.896377 0.990614
0.999623 0.894081 0.894081 0.989528
0.999464 0.897734 0.897734 0.989309
0.999799 0.900419 0.900419 0.990473
0.999743 0.896322 0.896322 0.991499
0.999717 0.897968 0.897968 0.990026
0.999546 0.882187 0.882187 0.990689
0.999520 0.902462 0.902462 0.989483
0.999644 0.892154 0.892154 0.990087
0.999691 0.891491 0.891491 0.989933
0.999473 0.912940 0.912940 0.990071
0.999640 0.886797 0.886797 0.989151
0.999593 0.893125 0.893125 0.988885
0.999768 0.893666 0.893666 0.988540
0.999717 0.911193 0.911193 0.990661
0.999520 0.889342 0.889342 0.990862
0.999721 0.888184 0.888184 0.989523
0.999618 0.886702 0.886702 0.992388
0.999717 0.903571 0.903571 0.989689
0.999691 0.892830 0.892830 0.989952
0.999298 0.890263 0.890263 0.991302
0.999562 0.895481 0.895481 0.989170
0.999691 0.902047 0.902047 0.989679
0.999438 0.892596 0.892596 0.990565
0.999499 0.898586 0.898586 0.990431
0.999614 0.897415 0.897415 0.989259
0.999768 0.891496 0.891496 0.990106
0.999515 0.894284 0.894284 0.990902
0.999670 0.886592 0.886592 0.988514
0.999593 0.894672 0.894672 0.990122
0.999846 0.893786 0.893786 0.990707
0.999721 0.888651 0.888651 0.990548
0.999593 0.896873 0.896873 0.989051
0.999614 0.890353 0.890353 0.990738
0.999696 0.891552 0.891552 0.992517
0.999618 0.888980 0.888980 0.991707
0.999794 0.895854 0.895854 0.990708
0.999743 0.890576 0.890576 0.989455
0.999743 0.901057 0.901057 0.991003
0.999717 0.900568 0.900568 0.989029
0.999293 0.905827 0.905827 0.988722
0.999597 0.887447 0.887447 0.987697
0.999717 0.895960 0.895960 0.988119
