0.880952 0.833333 0.500000 0.880952
0.783333 0.759524 0.500000 0.783333
0.854762 0.854762 0.500000 0.854762
0.809524 0.761905 0.523810 0.809524
0.683333 0.735714 0.500000 0.683333
0.807143 0.785714 0.450000 0.807143
0.733333 0.659524 0.500000 0.733333
0.685714 0.661905 0.500000 0.685714
0.688095 0.688095 0.500000 0.688095
0.611905 0.588095 0.500000 0.611905
0.783333 0.735714 0.500000 0.783333
0.928571 0.928571 0.500000 0.928571
0.759524 0.759524 0.500000 0.759524
0.635714 0.638095 0.500000 0.635714
0.711905 0.614286 0.500000 0.711905
0.585714 0.585714 0.450000 0.585714
0.857143 0.857143 0.500000 0.857143
0.759524 0.735714 0.500000 0.759524
0.807143 0.807143 0.523810 0.807143
0.711905 0.738095 0.500000 0.711905
0.735714 0.711905 0.500000 0.735714
0.880952 0.809524 0.523810 0.880952
0.661905 0.638095 0.500000 0.661905
0.611905 0.685714 0.473810 0.611905
0.759524 0.711905 0.400000 0.759524
0.683333 0.659524 0.500000 0.683333
0.757143 0.807143 0.500000 0.757143
0.759524 0.735714 0.500000 0.759524
0.807143 0.807143 0.500000 0.807143
0.880952 0.809524 0.500000 0.880952
0.635714 0.611905 0.500000 0.635714
0.709524 0.759524 0.500000 0.709524
0.588095 0.588095 0.500000 0.588095
0.878571 0.780952 0.473810 0.878571
0.928571 0.880952 0.500000 0.928571
0.785714 0.738095 0.500000 0.785714
0.733333 0.683333 0.500000 0.733333
0.785714 0.761905 0.500000 0.785714
0.807143 0.709524 0.500000 0.807143
0.785714 0.761905 0.500000 0.785714
0.635714 0.685714 0.500000 0.635714
0.833333 0.785714 0.500000 0.833333
0.783333 0.735714 0.500000 0.783333
0.804762 0.780952 0.500000 0.804762
0.709524 0.590476 0.500000 0.709524
0.757143 0.657143 0.500000 0.757143
0.659524 0.785714 0.500000 0.659524
0.714286 0.666667 0.500000 0.714286
0.757143 0.759524 0.523810 0.757143
0.807143 0.807143 0.450000 0.807143
0.759524 0.735714 0.450000 0.759524
0.733333 0.735714 0.523810 0.733333
0.783333 0.735714 0.500000 0.783333
0.733333 0.733333 0.500000 0.733333
0.783333 0.759524 0.523810 0.783333
0.804762 0.757143 0.500000 0.804762
0.783333 0.783333 0.500000 0.783333
0.685714 0.711905 0.500000 0.685714
0.761905 0.714286 0.500000 0.761905
0.783333 0.735714 0.500000 0.783333
0.733333 0.711905 0.500000 0.733333
0.857143 0.833333 0.500000 0.857143
0.757143 0.733333 0.500000 0.757143
0.854762 0.807143 0.500000 0.854762
0.904762 0.833333 0.500000 0.904762
0.683333 0.709524 0.500000 0.683333
0.688095 0.664286 0.473810 0.688095
0.688095 0.688095 0.500000 0.688095
0.585714 0.685714 0.500000 0.585714
0.735714 0.711905 0.500000 0.735714
0.854762 0.807143 0.500000 0.854762
0.759524 0.759524 0.450000 0.759524
0.661905 0.638095 0.500000 0.661905
0.709524 0.685714 0.500000 0.709524
0.804762 0.757143 0.500000 0.804762
0.783333 0.759524 0.523810 0.783333
0.659524 0.685714 0.450000 0.659524
0.783333 0.809524 0.500000 0.783333
0.833333 0.761905 0.500000 0.833333
0.711905 0.688095 0.500000 0.711905
0.761905 0.738095 0.500000 0.761905
0.709524 0.759524 0.500000 0.709524
0.659524 0.661905 0.450000 0.659524
0.780952 0.661905 0.500000 0.780952
0.738095 0.714286 0.500000 0.738095
0.804762 0.754762 0.500000 0.804762
0.952381 0.952381 0.500000 0.952381
0.761905 0.714286 0.523810 0.761905
0.709524 0.735714 0.500000 0.709524
0.733333 0.685714 0.500000 0.733333
0.780952 0.709524 0.500000 0.780952
0.685714 0.661905 0.500000 0.685714
0.688095 0.638095 0.500000 0.688095
0.854762 0.857143 0.500000 0.854762
0.659524 0.635714 0.500000 0.659524
0.757143 0.638095 0.500000 0.757143
0.807143 0.807143 0.500000 0.807143
0.785714 0.761905 0.400000 0.785714
0.735714 0.735714 0.523810 0.735714
0.833333 0.785714 0.500000 0.833333
