0.802381 0.780952 0.578571 0.802381
0.830952 0.807143 0.733333 0.830952
0.826190 0.828571 0.678571 0.826190
0.878571 0.783333 0.757143 0.878571
0.778571 0.730952 0.607143 0.778571
0.902381 0.804762 0.804762 0.902381
0.728571 0.607143 0.604762 0.728571
0.757143 0.780952 0.757143 0.757143
0.707143 0.588095 0.535714 0.707143
0.730952 0.585714 0.533333 0.730952
0.852381 0.704762 0.628571 0.852381
0.800000 0.926190 0.652381 0.800000
0.926190 0.683333 0.657143 0.926190
0.630952 0.559524 0.583333 0.630952
0.757143 0.635714 0.659524 0.757143
0.680952 0.607143 0.559524 0.680952
0.952381 0.880952 0.807143 0.952381
0.780952 0.733333 0.607143 0.780952
0.828571 0.830952 0.828571 0.828571
0.854762 0.757143 0.630952 0.854762
0.902381 0.735714 0.609524 0.902381
0.928571 0.754762 0.854762 0.928571
0.754762 0.659524 0.535714 0.754762
0.704762 0.609524 0.583333 0.704762
0.778571 0.780952 0.733333 0.778571
0.707143 0.633333 0.752381 0.707143
0.828571 0.657143 0.657143 0.828571
0.802381 0.730952 0.557143 0.802381
0.854762 0.780952 0.828571 0.854762
0.852381 0.852381 0.704762 0.852381
0.680952 0.683333 0.659524 0.680952
0.828571 0.680952 0.630952 0.828571
0.607143 0.511905 0.435714 0.607143
0.826190 0.828571 0.726190 0.826190
0.950000 0.852381 0.850000 0.950000
0.904762 0.785714 0.733333 0.904762
0.754762 0.630952 0.654762 0.754762
0.854762 0.783333 0.659524 0.854762
0.852381 0.804762 0.778571 0.852381
0.854762 0.635714 0.633333 0.854762
0.678571 0.559524 0.535714 0.678571
0.852381 0.857143 0.757143 0.852381
0.878571 0.707143 0.728571 0.878571
0.754762 0.754762 0.704762 0.754762
0.802381 0.657143 0.754762 0.802381
0.702381 0.678571 0.578571 0.702381
0.780952 0.609524 0.657143 0.780952
0.833333 0.738095 0.638095 0.833333
0.828571 0.778571 0.680952 0.828571
0.926190 0.854762 0.754762 0.926190
0.804762 0.783333 0.757143 0.804762
0.728571 0.730952 0.654762 0.728571
0.828571 0.757143 0.607143 0.828571
0.704762 0.657143 0.604762 0.704762
0.802381 0.757143 0.733333 0.802381
0.776190 0.628571 0.528571 0.776190
0.878571 0.854762 0.778571 0.878571
0.828571 0.709524 0.709524 0.828571
0.880952 0.709524 0.633333 0.880952
0.878571 0.780952 0.707143 0.878571
0.728571 0.730952 0.654762 0.728571
0.902381 0.830952 0.804762 0.902381
0.826190 0.678571 0.630952 0.826190
0.752381 0.854762 0.776190 0.752381
0.976190 0.878571 0.578571 0.976190
0.680952 0.633333 0.607143 0.680952
0.807143 0.661905 0.588095 0.807143
0.854762 0.709524 0.733333 0.854762
0.704762 0.633333 0.485714 0.704762
0.780952 0.659524 0.707143 0.780952
0.826190 0.804762 0.752381 0.826190
0.780952 0.757143 0.704762 0.780952
0.707143 0.709524 0.635714 0.707143
0.926190 0.757143 0.757143 0.926190
0.826190 0.678571 0.628571 0.826190
0.828571 0.807143 0.633333 0.828571
0.754762 0.657143 0.607143 0.754762
0.828571 0.683333 0.607143 0.828571
0.878571 0.780952 0.730952 0.878571
0.707143 0.683333 0.583333 0.707143
0.852381 0.633333 0.535714 0.852381
0.804762 0.707143 0.730952 0.804762
0.728571 0.754762 0.657143 0.728571
0.754762 0.730952 0.704762 0.754762
0.854762 0.759524 0.561905 0.854762
0.752381 0.704762 0.678571 0.752381
0.876190 0.902381 0.776190 0.876190
0.804762 0.661905 0.709524 0.804762
0.854762 0.733333 0.780952 0.854762
0.728571 0.780952 0.607143 0.728571
0.728571 0.778571 0.704762 0.728571
0.778571 0.607143 0.633333 0.778571
0.680952 0.659524 0.535714 0.680952
0.802381 0.804762 0.678571 0.802381
0.728571 0.683333 0.633333 0.728571
0.754762 0.828571 0.654762 0.754762
0.876190 0.757143 0.657143 0.876190
0.857143 0.783333 0.657143 0.857143
0.807143 0.759524 0.780952 0.807143
0.926190 0.807143 0.704762 0.926190
