0.774736 0.722393 0.577006 0.577006
0.774786 0.727765 0.587190 0.587190
0.771364 0.760155 0.582246 0.582246
0.775700 0.727119 0.581666 0.581666
0.776453 0.727871 0.587019 0.587019
0.774286 0.726645 0.582308 0.582308
0.769846 0.715336 0.575747 0.575747
0.772288 0.724520 0.585649 0.585649
0.775716 0.728069 0.580297 0.580297
0.774299 0.723464 0.581799 0.581799
0.780186 0.729812 0.584860 0.584860
0.771861 0.722286 0.582428 0.582428
0.766680 0.725357 0.582868 0.582868
0.775600 0.723638 0.578447 0.578447
0.775948 0.731098 0.582549 0.582549
0.776798 0.718721 0.578152 0.578152
0.770013 0.725826 0.581476 0.581476
0.768483 0.757065 0.585441 0.585441
0.776028 0.724424 0.583009 0.583009
0.778260 0.724622 0.580371 0.580371
0.774380 0.718744 0.585045 0.585045
0.774534 0.721959 0.582509 0.582509
0.773715 0.724259 0.582058 0.582058
0.771483 0.727421 0.580124 0.580124
0.774537 0.761949 0.582652 0.582652
0.782939 0.734506 0.590469 0.590469
0.773933 0.725908 0.580276 0.580276
0.779508 0.730304 0.585716 0.585716
0.767080 0.722350 0.581122 0.581122
0.769537 0.717488 0.571429 0.571429
0.778289 0.729710 0.585012 0.585012
0.766329 0.718618 0.576661 0.576661
0.773386 0.715651 0.578547 0.578547
0.778817 0.765866 0.575259 0.575259
0.766077 0.722623 0.580760 0.580760
0.773201 0.728276 0.584212 0.584212
0.777724 0.724864 0.586554 0.586554
0.775222 0.726532 0.586170 0.586170
0.772976 0.723345 0.585876 0.585876
0.780310 0.729916 0.582469 0.582469
0.775755 0.723116 0.576024 0.576024
0.772573 0.724415 0.581026 0.581026
0.773852 0.725209 0.588499 0.588499
0.784776 0.731515 0.580711 0.580711
0.772688 0.724527 0.578977 0.578977
0.772218 0.727197 0.585159 0.585159
0.776040 0.727661 0.580698 0.580698
0.768101 0.717601 0.580230 0.580230
0.771213 0.758318 0.582418 0.582418
0.774236 0.728764 0.587543 0.587543
0.772423 0.718057 0.576071 0.576071
0.768898 0.718029 0.575276 0.575276
0.779238 0.769168 0.583302 0.583302
0.783558 0.736809 0.590231 0.590231
0.771376 0.723140 0.583750 0.583750
0.771470 0.720749 0.579351 0.579351
0.774039 0.728376 0.586782 0.586782
0.774420 0.726024 0.577443 0.577443
0.775464 0.724139 0.584643 0.584643
0.770290 0.723972 0.583609 0.583609
0.771594 0.720976 0.582746 0.582746
0.777238 0.724741 0.578682 0.578682
0.770160 0.756658 0.580494 0.580494
0.777992 0.732128 0.592125 0.592125
0.779188 0.725524 0.583264 0.583264
0.770624 0.721360 0.582402 0.582402
0.773022 0.721526 0.575799 0.575799
0.779549 0.727318 0.585826 0.585826
0.768054 0.726656 0.578276 0.578276
0.772712 0.726528 0.581944 0.581944
0.779011 0.726876 0.590325 0.590325
0.782993 0.733432 0.577766 0.577766
0.766858 0.722627 0.580512 0.580512
0.773003 0.760928 0.587694 0.587694
0.768924 0.719840 0.582439 0.582439
0.782592 0.727554 0.577851 0.577851
0.778635 0.725055 0.586063 0.586063
0.768807 0.719432 0.571243 0.571243
0.767945 0.725272 0.582315 0.582315
0.770021 0.726724 0.584611 0.584611
0.770443 0.718866 0.578216 0.578216
0.772128 0.720841 0.583497 0.583497
0.771177 0.722955 0.577206 0.577206
0.770993 0.720297 0.585823 0.585823
0.775508 0.724630 0.578821 0.578821
0.776541 0.729201 0.579491 0.579491
0.783858 0.774380 0.584442 0.584442
0.775833 0.731246 0.594757 0.594757
0.774700 0.723104 0.576057 0.576057
0.771972 0.719738 0.583762 0.583762
0.780608 0.730127 0.584564 0.584564
0.773820 0.728170 0.585948 0.585948
0.770425 0.719299 0.579783 0.579783
0.768004 0.719727 0.581053 0.581053
0.775745 0.727253 0.579201 0.579201
0.772482 0.761628 0.581897 0.581897
0.774944 0.723187 0.581539 0.581539
0.774563 0.720758 0.581128 0.581128
0.769808 0.725122 0.581891 0.581891
0.778464 0.729441 0.584596 0.584596
