0.872975 0.760274 0.577006 0.577006
0.880772 0.765056 0.587190 0.587190
0.877977 0.787999 0.582246 0.582246
0.876296 0.770407 0.581666 0.581666
0.884710 0.768272 0.587019 0.587019
0.881284 0.762638 0.582308 0.582308
0.878265 0.763588 0.575747 0.575747
0.877971 0.763060 0.585649 0.585649
0.878352 0.769962 0.580297 0.580297
0.884271 0.761720 0.581799 0.581799
0.884040 0.769434 0.584860 0.584860
0.886151 0.764099 0.582428 0.582428
0.881616 0.762444 0.582868 0.582868
0.881088 0.771975 0.578447 0.578447
0.880734 0.763452 0.582549 0.582549
0.879509 0.760324 0.578152 0.578152
0.879887 0.756942 0.581476 0.581476
0.881418 0.787084 0.585441 0.585441
0.876653 0.765484 0.583009 0.583009
0.881106 0.767414 0.580371 0.580371
0.878626 0.766832 0.585045 0.585045
0.882156 0.764865 0.582509 0.582509
0.874882 0.764712 0.582058 0.582058
0.879662 0.762406 0.580124 0.580124
0.884700 0.792356 0.582652 0.582652
0.885759 0.767995 0.590469 0.590469
0.878332 0.766172 0.580276 0.580276
0.878229 0.768399 0.585716 0.585716
0.884263 0.762355 0.581122 0.581122
0.882422 0.759945 0.571429 0.571429
0.879430 0.768256 0.585012 0.585012
0.885795 0.758373 0.576661 0.576661
0.882895 0.761074 0.578547 0.578547
0.884335 0.797768 0.575259 0.575259
0.879478 0.757678 0.580760 0.580760
0.881095 0.767136 0.584212 0.584212
0.885568 0.766471 0.586554 0.586554
0.883460 0.768132 0.586170 0.586170
0.874256 0.763902 0.585876 0.585876
0.880270 0.771638 0.582469 0.582469
0.878288 0.762611 0.576024 0.576024
0.877721 0.765721 0.581026 0.581026
0.875469 0.764875 0.588499 0.588499
0.880629 0.770858 0.580711 0.580711
0.882302 0.764180 0.578977 0.578977
0.883922 0.765503 0.585159 0.585159
0.878586 0.762630 0.580698 0.580698
0.880196 0.760126 0.580230 0.580230
0.883050 0.790058 0.582418 0.582418
0.875212 0.762651 0.587543 0.587543
0.881262 0.758669 0.576071 0.576071
0.873907 0.767301 0.575276 0.575276
0.881007 0.799626 0.583302 0.583302
0.884490 0.775806 0.590231 0.590231
0.878884 0.759710 0.583750 0.583750
0.880902 0.767480 0.579351 0.579351
0.880865 0.769317 0.586782 0.586782
0.883371 0.761750 0.577443 0.577443
0.878624 0.760748 0.584643 0.584643
0.880952 0.757386 0.583609 0.583609
0.885636 0.766716 0.582746 0.582746
0.885838 0.762825 0.578682 0.578682
0.877332 0.794520 0.580494 0.580494
0.881543 0.766950 0.592125 0.592125
0.878756 0.771028 0.583264 0.583264
0.880726 0.763107 0.582402 0.582402
0.884273 0.768681 0.575799 0.575799
0.882856 0.763298 0.585826 0.585826
0.876910 0.761200 0.578276 0.578276
0.882566 0.763009 0.581944 0.581944
0.878708 0.763081 0.590325 0.590325
0.882180 0.775098 0.577766 0.577766
0.877570 0.764284 0.580512 0.580512
0.879426 0.791396 0.587694 0.587694
0.877464 0.763515 0.582439 0.582439
0.879872 0.770099 0.577851 0.577851
0.882722 0.765736 0.586063 0.586063
0.878774 0.763090 0.571243 0.571243
0.880032 0.760409 0.582315 0.582315
0.882714 0.759890 0.584611 0.584611
0.878552 0.761674 0.578216 0.578216
0.881157 0.761667 0.583497 0.583497
0.879109 0.762880 0.577206 0.577206
0.879763 0.762904 0.585823 0.585823
0.878374 0.767162 0.578821 0.578821
0.879512 0.769434 0.579491 0.579491
0.882835 0.801050 0.584442 0.584442
0.879736 0.761349 0.594757 0.594757
0.887133 0.765435 0.576057 0.576057
0.877932 0.757674 0.583762 0.583762
0.878635 0.775777 0.584564 0.584564
0.880196 0.763563 0.585948 0.585948
0.879549 0.760081 0.579783 0.579783
0.880648 0.763967 0.581053 0.581053
0.879545 0.763187 0.579201 0.579201
0.882080 0.791471 0.581897 0.581897
0.881255 0.764213 0.581539 0.581539
0.878416 0.759959 0.581128 0.581128
0.881860 0.763915 0.581891 0.581891
0.881588 0.766793 0.584596 0.584596
