0.467949 0.391026 0.551282 0.467949
0.506410 0.423077 0.429487 0.506410
0.746154 0.607692 0.569231 0.746154
0.484615 0.484615 0.584615 0.561538
0.384615 0.446154 0.407692 0.407692
0.723077 0.646154 0.584615 0.723077
0.484615 0.384615 0.607692 0.484615
0.823077 0.684615 0.523077 0.823077
0.561538 0.623077 0.384615 0.561538
0.346154 0.346154 0.623077 0.346154
0.557692 0.641026 0.397436 0.474359
0.756410 0.474359 0.557692 0.794872
0.484615 0.407692 0.384615 0.446154
0.484615 0.446154 0.646154 0.484615
0.623077 0.584615 0.546154 0.661538
0.369231 0.407692 0.269231 0.369231
0.861538 0.546154 0.392308 0.823077
0.423077 0.407692 0.561538 0.561538
0.561538 0.561538 0.507692 0.561538
0.600000 0.484615 0.623077 0.561538
0.634615 0.717949 0.461538 0.589744
0.467949 0.352564 0.589744 0.467949
0.446154 0.646154 0.561538 0.523077
0.684615 0.484615 0.623077 0.684615
0.700000 0.546154 0.546154 0.761538
0.523077 0.407692 0.484615 0.623077
0.584615 0.446154 0.446154 0.584615
0.484615 0.446154 0.607692 0.446154
0.461538 0.523077 0.546154 0.561538
0.646154 0.546154 0.469231 0.569231
0.673077 0.634615 0.628205 0.673077
0.506410 0.467949 0.628205 0.506410
0.384615 0.346154 0.330769 0.384615
0.384615 0.307692 0.423077 0.523077
0.584615 0.369231 0.507692 0.584615
0.623077 0.484615 0.392308 0.646154
0.384615 0.269231 0.307692 0.384615
0.684615 0.684615 0.484615 0.723077
0.623077 0.530769 0.484615 0.723077
0.723077 0.523077 0.561538 0.623077
0.711538 0.673077 0.673077 0.794872
0.589744 0.634615 0.512821 0.589744
0.623077 0.507692 0.446154 0.623077
0.269231 0.346154 0.507692 0.369231
0.484615 0.761538 0.307692 0.484615
0.461538 0.423077 0.723077 0.423077
0.623077 0.269231 0.430769 0.700000
0.307692 0.384615 0.384615 0.446154
0.584615 0.546154 0.623077 0.446154
0.723077 0.407692 0.446154 0.684615
0.557692 0.435897 0.634615 0.679487
0.429487 0.352564 0.500000 0.429487
0.584615 0.623077 0.684615 0.646154
0.661538 0.684615 0.307692 0.661538
0.561538 0.384615 0.484615 0.523077
0.623077 0.423077 0.661538 0.523077
0.369231 0.546154 0.584615 0.507692
0.561538 0.546154 0.523077 0.561538
0.484615 0.446154 0.561538 0.484615
0.600000 0.384615 0.584615 0.600000
0.551282 0.512821 0.474359 0.551282
0.794872 0.512821 0.679487 0.794872
0.646154 0.430769 0.407692 0.546154
0.484615 0.484615 0.507692 0.484615
0.561538 0.623077 0.461538 0.561538
0.523077 0.546154 0.446154 0.484615
0.446154 0.484615 0.600000 0.484615
0.623077 0.761538 0.484615 0.584615
0.484615 0.369231 0.623077 0.407692
0.484615 0.523077 0.523077 0.623077
0.467949 0.474359 0.589744 0.429487
0.551282 0.429487 0.384615 0.474359
0.500000 0.523077 0.684615 0.461538
0.484615 0.484615 0.607692 0.523077
0.661538 0.446154 0.584615 0.661538
0.861538 0.684615 0.723077 0.761538
0.584615 0.684615 0.584615 0.723077
0.446154 0.446154 0.484615 0.369231
0.623077 0.523077 0.607692 0.623077
0.446154 0.546154 0.507692 0.484615
0.429487 0.474359 0.467949 0.429487
0.512821 0.474359 0.474359 0.551282
0.546154 0.623077 0.623077 0.684615
0.646154 0.623077 0.661538 0.607692
0.607692 0.469231 0.646154 0.507692
0.461538 0.484615 0.507692 0.500000
0.623077 0.546154 0.423077 0.623077
0.623077 0.546154 0.584615 0.523077
0.600000 0.346154 0.623077 0.623077
0.523077 0.446154 0.392308 0.484615
0.634615 0.474359 0.673077 0.596154
0.512821 0.391026 0.474359 0.551282
0.469231 0.369231 0.623077 0.546154
0.523077 0.446154 0.430769 0.623077
0.700000 0.684615 0.784615 0.700000
0.823077 0.569231 0.469231 0.723077
0.700000 0.723077 0.546154 0.661538
0.384615 0.384615 0.461538 0.484615
0.446154 0.446154 0.346154 0.446154
0.600000 0.523077 0.584615 0.600000
