0.786364 0.763636 0.786364 0.786364
0.931818 0.931818 0.886364 0.931818
0.642857 0.666667 0.642857 0.642857
0.583333 0.523810 0.547619 0.583333
0.750000 0.750000 0.714286 0.714286
0.809524 0.773810 0.785714 0.785714
0.761905 0.714286 0.714286 0.714286
0.809524 0.809524 0.809524 0.809524
0.785714 0.833333 0.785714 0.785714
0.857143 0.857143 0.880952 0.880952
0.772727 0.727273 0.727273 0.727273
0.786364 0.786364 0.686364 0.786364
0.702381 0.726190 0.726190 0.726190
0.773810 0.821429 0.821429 0.773810
0.654762 0.666667 0.666667 0.666667
0.726190 0.726190 0.726190 0.726190
0.857143 0.797619 0.857143 0.797619
0.785714 0.785714 0.785714 0.785714
0.880952 0.904762 0.904762 0.904762
0.685714 0.661905 0.661905 0.685714
0.831818 0.809091 0.809091 0.831818
0.681818 0.818182 0.659091 0.704545
0.833333 0.797619 0.809524 0.797619
0.857143 0.857143 0.928571 0.857143
0.750000 0.750000 0.726190 0.678571
0.750000 0.773810 0.773810 0.773810
0.702381 0.666667 0.738095 0.726190
0.633333 0.609524 0.633333 0.609524
0.757143 0.780952 0.780952 0.780952
0.657143 0.657143 0.657143 0.657143
0.695455 0.695455 0.740909 0.695455
0.718182 0.718182 0.718182 0.718182
0.678571 0.678571 0.761905 0.797619
0.880952 0.857143 0.809524 0.833333
0.773810 0.773810 0.773810 0.773810
0.809524 0.761905 0.738095 0.761905
0.773810 0.773810 0.773810 0.773810
0.585714 0.633333 0.633333 0.633333
0.714286 0.714286 0.738095 0.714286
0.657143 0.757143 0.657143 0.657143
0.695455 0.695455 0.695455 0.595455
0.795455 0.772727 0.772727 0.786364
0.833333 0.809524 0.809524 0.785714
0.797619 0.773810 0.773810 0.797619
0.666667 0.666667 0.666667 0.666667
0.857143 0.857143 0.857143 0.773810
0.785714 0.750000 0.750000 0.750000
0.857143 0.952381 0.852381 0.880952
0.633333 0.680952 0.633333 0.680952
0.804762 0.804762 0.804762 0.904762
0.886364 0.886364 0.931818 0.831818
0.863636 0.818182 0.840909 0.818182
0.761905 0.738095 0.809524 0.738095
0.630952 0.630952 0.654762 0.630952
0.726190 0.726190 0.678571 0.738095
0.690476 0.690476 0.690476 0.773810
0.761905 0.690476 0.738095 0.690476
0.657143 0.657143 0.657143 0.657143
0.785714 0.809524 0.714286 0.809524
0.857143 0.880952 0.833333 0.857143
0.472727 0.472727 0.472727 0.472727
0.772727 0.586364 0.563636 0.586364
0.833333 0.880952 0.809524 0.809524
0.785714 0.761905 0.833333 0.761905
0.761905 0.761905 0.738095 0.833333
0.785714 0.761905 0.761905 0.761905
0.702381 0.702381 0.642857 0.702381
0.804762 0.828571 0.828571 0.828571
0.761905 0.761905 0.785714 0.761905
0.804762 0.780952 0.752381 0.780952
0.609091 0.609091 0.686364 0.609091
0.663636 0.640909 0.640909 0.640909
0.821429 0.845238 0.845238 0.880952
0.773810 0.833333 0.821429 0.738095
0.702381 0.726190 0.678571 0.678571
0.857143 0.809524 0.785714 0.809524
0.690476 0.690476 0.690476 0.690476
0.804762 0.852381 0.652381 0.852381
0.785714 0.833333 0.833333 0.833333
0.661905 0.709524 0.709524 0.685714
0.795455 0.795455 0.795455 0.795455
0.886364 0.863636 0.818182 0.818182
0.880952 0.880952 0.857143 0.904762
0.797619 0.654762 0.750000 0.630952
0.511905 0.511905 0.535714 0.535714
0.785714 0.761905 0.785714 0.761905
0.761905 0.761905 0.761905 0.761905
0.533333 0.433333 0.433333 0.433333
0.809524 0.785714 0.833333 0.809524
0.709524 0.733333 0.757143 0.733333
0.863636 0.809091 0.809091 0.909091
0.772727 0.818182 0.727273 0.818182
0.833333 0.833333 0.809524 0.833333
0.666667 0.666667 0.666667 0.666667
0.690476 0.702381 0.702381 0.690476
0.785714 0.797619 0.702381 0.702381
0.690476 0.690476 0.690476 0.690476
0.761905 0.809524 0.709524 0.709524
0.804762 0.852381 0.828571 0.780952
0.685714 0.685714 0.685714 0.685714
