0.692494 0.690702 0.672781 0.651381
0.696974 0.704090 0.691493 0.657653
0.684377 0.690175 0.658075 0.645161
0.711153 0.713367 0.699979 0.649220
0.688963 0.686275 0.679528 0.648324
0.720588 0.718796 0.700875 0.673255
0.736190 0.743306 0.722697 0.679001
0.710888 0.709993 0.686675 0.664110
0.714477 0.732576 0.717298 0.700726
0.689006 0.686744 0.673303 0.619814
0.700611 0.705935 0.669302 0.631826
0.704406 0.703510 0.685589 0.681689
0.719165 0.714263 0.710205 0.683903
0.707622 0.708939 0.697291 0.653647
0.721853 0.726755 0.711997 0.687908
0.672517 0.693390 0.663926 0.638942
0.689753 0.687065 0.665138 0.637149
0.717087 0.721205 0.700154 0.648781
0.690709 0.706031 0.686318 0.639146
0.708586 0.721690 0.706075 0.685404
0.702667 0.699979 0.677156 0.673203
0.712629 0.716582 0.707622 0.689332
0.702720 0.698714 0.680318 0.621495
0.705935 0.708571 0.693812 0.628242
0.707622 0.709361 0.687908 0.625079
0.677261 0.687908 0.673097 0.658918
0.722328 0.732132 0.703563 0.690175
0.675756 0.690731 0.667414 0.626915
0.739567 0.747250 0.735175 0.681731
0.697967 0.694382 0.677783 0.668760
0.716582 0.711680 0.702193 0.631773
0.760226 0.758433 0.739616 0.714738
0.702667 0.701349 0.702667 0.662555
0.717373 0.718638 0.710573 0.680687
0.699979 0.695077 0.667352 0.618859
0.696026 0.695130 0.679897 0.646005
0.698292 0.699188 0.692020 0.675575
0.685657 0.684762 0.666395 0.628562
0.697496 0.695704 0.675991 0.633184
0.687933 0.707309 0.678076 0.659755
0.710257 0.710679 0.707938 0.685747
0.710837 0.705408 0.683955 0.680371
0.701349 0.711997 0.680266 0.647322
0.692020 0.690649 0.664295 0.634883
0.698714 0.703141 0.692863 0.664769
0.700928 0.704512 0.683481 0.667932
0.731236 0.730339 0.704459 0.657601
0.704024 0.704024 0.704564 0.649613
0.721308 0.717254 0.702917 0.624250
0.685759 0.687125 0.673684 0.638676
0.709361 0.706673 0.694603 0.685747
0.700875 0.694603 0.690544 0.617489
0.737561 0.737086 0.718322 0.620177
0.684535 0.684008 0.657179 0.675943
0.684430 0.698661 0.668775 0.665191
0.723224 0.724120 0.702245 0.686643
0.718322 0.725859 0.705303 0.679001
0.719894 0.714944 0.696160 0.665421
0.702784 0.696512 0.678120 0.640424
0.676754 0.673170 0.663783 0.653057
0.724594 0.720061 0.707095 0.677683
0.718374 0.721484 0.710732 0.688436
0.736717 0.741092 0.703510 0.687118
0.672465 0.679106 0.679949 0.638046
0.737086 0.741092 0.727651 0.669671
0.703141 0.698661 0.691914 0.656757
0.709836 0.713841 0.683428 0.654491
0.693353 0.690191 0.666395 0.652899
0.634595 0.637753 0.621669 0.584753
0.720324 0.719428 0.707353 0.657493
0.719271 0.714790 0.681636 0.637202
0.714738 0.714738 0.685695 0.660289
0.685747 0.686643 0.683903 0.670145
0.736137 0.739247 0.718216 0.667879
0.695130 0.689332 0.664347 0.654544
0.704459 0.699557 0.674995 0.655387
0.695499 0.701718 0.676154 0.656178
0.717503 0.717503 0.716254 0.655874
0.683497 0.680338 0.669630 0.662062
0.706031 0.708719 0.688962 0.669701
0.697765 0.699557 0.691493 0.669249
0.699136 0.701824 0.671410 0.690649
0.671621 0.684061 0.661238 0.643369
0.719639 0.721379 0.699399 0.651328
0.724594 0.727704 0.711153 0.671516
0.706884 0.724172 0.704038 0.648746
0.738457 0.741567 0.725437 0.667457
0.720248 0.720248 0.716732 0.657309
0.681882 0.676931 0.649065 0.612708
0.671759 0.681704 0.665620 0.621988
0.646584 0.662134 0.650485 0.586338
0.692389 0.686169 0.642420 0.651803
0.737982 0.733502 0.724541 0.653173
0.731288 0.733976 0.711101 0.694234
0.697291 0.698187 0.680687 0.651328
0.735821 0.745572 0.727651 0.661659
0.700032 0.701349 0.691914 0.668722
0.674861 0.678439 0.668184 0.668937
0.688447 0.687170 0.657041 0.631907
0.744695 0.748323 0.733986 0.677765
