0.824206 0.831746 0.845635 0.852778
0.823413 0.837698 0.845238 0.851984
0.789683 0.789683 0.740873 0.782540
0.843254 0.807937 0.808730 0.850397
0.901190 0.893651 0.845238 0.886905
0.866546 0.873792 0.824275 0.866546
0.871429 0.828571 0.800000 0.821429
0.871429 0.842857 0.842857 0.871429
0.864286 0.850000 0.807143 0.871429
0.857143 0.842857 0.800000 0.835714
0.831349 0.824206 0.824603 0.845635
0.851984 0.809921 0.817063 0.873016
0.887302 0.838889 0.831746 0.845635
0.837302 0.830556 0.817857 0.823413
0.915476 0.894444 0.859524 0.943254
0.873188 0.851449 0.809179 0.852053
0.821429 0.814286 0.771429 0.778571
0.885714 0.878571 0.871429 0.871429
0.814286 0.800000 0.764286 0.792857
0.878571 0.864286 0.850000 0.871429
0.900794 0.894048 0.880556 0.886905
0.915079 0.866270 0.873413 0.879762
0.837698 0.809921 0.782143 0.803175
0.866270 0.866270 0.796825 0.866270
0.823016 0.802778 0.831349 0.802778
0.814010 0.864130 0.800725 0.856884
0.900000 0.842857 0.835714 0.864286
0.842857 0.800000 0.800000 0.835714
0.807143 0.778571 0.785714 0.785714
0.842857 0.842857 0.828571 0.850000
0.844841 0.845238 0.831349 0.845238
0.851984 0.851984 0.859127 0.830952
0.838095 0.830952 0.788889 0.845238
0.823016 0.780952 0.752778 0.766667
0.880159 0.851984 0.830952 0.873016
0.865942 0.815821 0.837560 0.851449
0.821429 0.828571 0.792857 0.821429
0.871429 0.864286 0.807143 0.850000
0.878571 0.871429 0.878571 0.864286
0.921429 0.892857 0.864286 0.907143
0.844048 0.794841 0.767063 0.795635
0.802381 0.816667 0.761111 0.830952
0.865873 0.844841 0.816667 0.865873
0.796032 0.782143 0.768254 0.782143
0.880556 0.894841 0.901984 0.887698
0.886473 0.900966 0.879831 0.894324
0.850000 0.814286 0.842857 0.814286
0.850000 0.828571 0.807143 0.835714
0.878571 0.850000 0.792857 0.850000
0.892857 0.878571 0.857143 0.907143
0.838095 0.845238 0.817063 0.845238
0.886111 0.865476 0.809524 0.872619
0.879762 0.879762 0.838095 0.872619
0.865873 0.866270 0.859921 0.879762
0.880159 0.852381 0.873810 0.866270
0.829106 0.814614 0.793478 0.821860
0.828571 0.792857 0.807143 0.821429
0.842857 0.842857 0.857143 0.842857
0.850000 0.814286 0.814286 0.835714
0.842857 0.842857 0.792857 0.835714
0.838492 0.810714 0.817857 0.796825
0.887302 0.901587 0.866667 0.880556
0.880159 0.852381 0.838889 0.894444
0.809524 0.795238 0.802778 0.838095
0.886508 0.872619 0.873016 0.858730
0.800121 0.786232 0.758454 0.786232
0.835714 0.835714 0.800000 0.814286
0.878571 0.864286 0.864286 0.878571
0.828571 0.821429 0.814286 0.814286
0.885714 0.864286 0.800000 0.885714
0.873413 0.901587 0.845635 0.887698
0.865873 0.837302 0.844444 0.844444
0.873016 0.908333 0.845635 0.901190
0.851587 0.865476 0.851984 0.865873
0.761508 0.747619 0.769048 0.740873
0.906401 0.850845 0.829710 0.892512
0.792857 0.800000 0.778571 0.778571
0.864286 0.821429 0.807143 0.835714
0.892857 0.900000 0.864286 0.885714
0.828571 0.771429 0.785714 0.800000
0.865476 0.830952 0.838095 0.865873
0.816667 0.823810 0.753968 0.823810
0.830952 0.796032 0.768651 0.810317
0.829762 0.830159 0.816667 0.830159
0.893651 0.851984 0.866270 0.859127
0.850845 0.857488 0.858092 0.822464
0.864286 0.842857 0.828571 0.850000
0.921429 0.878571 0.850000 0.878571
0.850000 0.864286 0.835714 0.835714
0.864286 0.835714 0.821429 0.857143
0.830556 0.830556 0.788889 0.837698
0.788095 0.760317 0.753968 0.753175
0.888095 0.888095 0.866667 0.866667
0.858730 0.837302 0.782540 0.844444
0.830159 0.823413 0.823413 0.830159
0.821860 0.829106 0.801329 0.829710
0.878571 0.892857 0.857143 0.892857
0.921429 0.900000 0.857143 0.900000
0.864286 0.857143 0.871429 0.857143
0.842857 0.850000 0.821429 0.857143
