0.950941 0.643921 0.643921 0.952296
0.951585 0.642117 0.642117 0.952146
0.948633 0.641847 0.641847 0.949136
0.948710 0.642945 0.642945 0.949597
0.949633 0.644307 0.644307 0.950271
0.949286 0.641342 0.641342 0.950293
0.950529 0.639905 0.639905 0.952064
0.950304 0.639278 0.639278 0.951840
0.950098 0.643138 0.643138 0.951474
0.951100 0.640781 0.640781 0.951889
0.950534 0.641897 0.641897 0.951631
0.951954 0.642021 0.642021 0.952966
0.948874 0.642395 0.642395 0.950246
0.949731 0.643287 0.643287 0.950602
0.951580 0.639783 0.639783 0.952600
0.948961 0.640916 0.640916 0.949513
0.952018 0.641489 0.641489 0.952961
0.948291 0.642569 0.642569 0.949822
0.948188 0.642405 0.642405 0.949166
0.950744 0.642033 0.642033 0.951486
0.951100 0.641468 0.641468 0.952867
0.950426 0.641941 0.641941 0.951446
0.949199 0.640420 0.640420 0.950508
0.950190 0.642538 0.642538 0.951035
0.951020 0.644293 0.644293 0.952167
0.947613 0.642901 0.642901 0.948802
0.950218 0.639373 0.639373 0.951233
0.949480 0.643058 0.643058 0.950320
0.950964 0.641715 0.641715 0.950934
0.950704 0.642031 0.642031 0.951339
0.950620 0.640834 0.640834 0.951753
0.949691 0.644076 0.644076 0.950077
0.950435 0.643362 0.643362 0.951683
0.947114 0.641239 0.641239 0.948692
0.951217 0.638683 0.638683 0.951842
0.950204 0.642847 0.642847 0.951306
0.950421 0.638706 0.638706 0.951271
0.950955 0.643959 0.643959 0.952057
0.950278 0.643098 0.643098 0.951055
0.949951 0.642375 0.642375 0.950592
0.949918 0.642624 0.642624 0.950971
0.949298 0.642442 0.642442 0.950632
0.950534 0.642428 0.642428 0.951678
0.950915 0.640279 0.640279 0.951400
0.949911 0.640832 0.640832 0.950679
0.949658 0.641674 0.641674 0.950829
0.950646 0.639977 0.639977 0.951358
0.949848 0.640507 0.640507 0.951495
0.950454 0.643302 0.643302 0.951041
0.949754 0.644585 0.644585 0.950957
0.949761 0.642348 0.642348 0.951173
0.950286 0.641906 0.641906 0.951528
0.950152 0.640766 0.640766 0.951065
0.949263 0.640181 0.640181 0.949768
0.949387 0.644497 0.644497 0.950257
0.950920 0.644469 0.644469 0.951713
0.950470 0.642449 0.642449 0.951498
0.949164 0.640371 0.640371 0.950318
0.949342 0.641829 0.641829 0.950243
0.952717 0.640551 0.640551 0.953391
0.950524 0.644839 0.644839 0.951777
0.948160 0.641981 0.641981 0.948877
0.950779 0.643942 0.643942 0.951863
0.950705 0.641730 0.641730 0.951636
0.950599 0.642749 0.642749 0.951564
0.949024 0.638468 0.638468 0.950040
0.948706 0.642451 0.642451 0.950421
0.949614 0.639681 0.639681 0.950892
0.951360 0.640177 0.640177 0.952020
0.950957 0.643258 0.643258 0.951957
0.951290 0.641136 0.641136 0.952558
0.950421 0.641351 0.641351 0.951880
0.951929 0.641709 0.641709 0.953022
0.950833 0.642081 0.642081 0.952146
0.949689 0.642262 0.642262 0.949963
0.950683 0.641845 0.641845 0.951739
0.948977 0.641855 0.641855 0.949731
0.949686 0.642766 0.642766 0.950175
0.948293 0.640378 0.640378 0.949415
0.949040 0.644329 0.644329 0.950683
0.949958 0.641929 0.641929 0.951657
0.950089 0.639654 0.639654 0.951545
0.950143 0.638414 0.638414 0.950833
0.951290 0.642856 0.642856 0.952327
0.951877 0.645199 0.645199 0.953305
0.949071 0.641527 0.641527 0.949134
0.949890 0.642735 0.642735 0.951503
0.949646 0.642398 0.642398 0.950166
0.948644 0.640558 0.640558 0.949300
0.950435 0.644407 0.644407 0.951121
0.949291 0.641801 0.641801 0.950714
0.952362 0.639593 0.639593 0.953202
0.948511 0.640993 0.640993 0.949099
0.950082 0.642983 0.642983 0.950988
0.949689 0.642234 0.642234 0.950812
0.950761 0.644167 0.644167 0.951353
0.951084 0.642589 0.642589 0.951997
0.950011 0.640542 0.640542 0.951215
0.948343 0.641342 0.641342 0.949955
0.950976 0.643113 0.643113 0.951011
