0.759184 0.648980 0.538776 0.759184
0.648980 0.669388 0.648980 0.648980
0.679592 0.528571 0.418367 0.679592
0.759184 0.408163 0.397959 0.759184
0.459184 0.448980 0.367347 0.459184
0.628571 0.538776 0.377551 0.628571
0.805000 0.555000 0.430000 0.805000
0.730000 0.710000 0.565000 0.730000
0.710000 0.710000 0.660000 0.710000
0.670000 0.680000 0.670000 0.670000
0.528571 0.659184 0.518367 0.528571
0.779592 0.669388 0.628571 0.779592
0.848980 0.559184 0.497959 0.848980
0.648980 0.548980 0.418367 0.648980
0.648980 0.548980 0.448980 0.648980
0.628571 0.528571 0.569388 0.628571
0.835000 0.700000 0.420000 0.835000
0.700000 0.565000 0.430000 0.700000
0.710000 0.680000 0.410000 0.710000
0.575000 0.595000 0.420000 0.575000
0.748980 0.728571 0.438776 0.748980
0.838776 0.697959 0.428571 0.838776
0.738776 0.446939 0.387755 0.738776
0.628571 0.559184 0.408163 0.628571
0.669388 0.748980 0.408163 0.669388
0.538776 0.448980 0.487755 0.538776
0.700000 0.710000 0.460000 0.700000
0.720000 0.565000 0.440000 0.720000
0.460000 0.815000 0.420000 0.460000
0.825000 0.555000 0.650000 0.825000
0.587755 0.618367 0.477551 0.587755
0.679592 0.708163 0.618367 0.679592
0.559184 0.679592 0.538776 0.559184
0.848980 0.548980 0.518367 0.848980
0.669388 0.669388 0.487755 0.669388
0.528571 0.648980 0.408163 0.528571
0.605000 0.420000 0.650000 0.605000
0.660000 0.585000 0.605000 0.660000
0.460000 0.680000 0.545000 0.460000
0.825000 0.835000 0.555000 0.825000
0.648980 0.618367 0.538776 0.648980
0.648980 0.638776 0.538776 0.648980
0.659184 0.408163 0.597959 0.659184
0.728571 0.548980 0.579592 0.728571
0.579592 0.448980 0.608163 0.579592
0.718367 0.718367 0.697959 0.718367
0.700000 0.480000 0.450000 0.700000
0.815000 0.680000 0.545000 0.815000
0.710000 0.825000 0.450000 0.710000
0.605000 0.585000 0.565000 0.605000
0.759184 0.659184 0.508163 0.759184
0.628571 0.679592 0.438776 0.628571
0.718367 0.897959 0.459184 0.718367
0.748980 0.559184 0.638776 0.748980
0.769388 0.679592 0.428571 0.769388
0.659184 0.548980 0.459184 0.659184
0.710000 0.575000 0.575000 0.710000
0.595000 0.710000 0.535000 0.595000
0.430000 0.700000 0.805000 0.430000
0.700000 0.595000 0.430000 0.700000
0.828571 0.638776 0.618367 0.828571
0.659184 0.518367 0.508163 0.659184
0.759184 0.597959 0.459184 0.759184
0.548980 0.448980 0.459184 0.548980
0.638776 0.638776 0.587755 0.638776
0.459184 0.769388 0.518367 0.459184
0.680000 0.660000 0.370000 0.680000
0.470000 0.470000 0.575000 0.470000
0.585000 0.545000 0.505000 0.585000
0.825000 0.575000 0.470000 0.825000
0.577551 0.659184 0.477551 0.577551
0.659184 0.638776 0.528571 0.659184
0.808163 0.828571 0.559184 0.808163
0.548980 0.718367 0.638776 0.548980
0.559184 0.859184 0.728571 0.559184
0.648980 0.648980 0.438776 0.648980
0.720000 0.865000 0.460000 0.720000
0.720000 0.535000 0.480000 0.720000
0.585000 0.565000 0.575000 0.585000
0.835000 0.585000 0.410000 0.835000
0.508163 0.638776 0.487755 0.508163
0.548980 0.469388 0.418367 0.548980
0.869388 0.528571 0.648980 0.869388
0.769388 0.418367 0.559184 0.769388
0.728571 0.738776 0.508163 0.728571
0.669388 0.408163 0.648980 0.669388
0.680000 0.545000 0.390000 0.680000
0.615000 0.390000 0.350000 0.615000
0.835000 0.855000 0.470000 0.835000
0.575000 0.565000 0.640000 0.575000
0.648980 0.538776 0.569388 0.648980
0.748980 0.628571 0.518367 0.748980
0.548980 0.659184 0.528571 0.548980
0.769388 0.728571 0.418367 0.769388
0.738776 0.538776 0.538776 0.738776
0.618367 0.648980 0.387755 0.618367
0.710000 0.720000 0.670000 0.710000
0.625000 0.450000 0.555000 0.625000
0.710000 0.575000 0.440000 0.710000
0.765000 0.595000 0.545000 0.765000
