0.859091 0.863636 0.863636 0.863636
0.854545 0.904545 0.813636 0.909091
0.709091 0.759091 0.813636 0.709091
0.759091 0.768182 0.622727 0.813636
0.809091 0.772727 0.722727 0.772727
0.859091 0.859091 0.713636 0.813636
0.618182 0.613636 0.518182 0.659091
0.819444 0.805556 0.750000 0.750000
0.530303 0.686869 0.762626 0.742424
0.595960 0.696970 0.631313 0.696970
0.863636 0.859091 0.809091 0.859091
0.663636 0.668182 0.631818 0.572727
0.663636 0.768182 0.768182 0.813636
0.663636 0.904545 0.804545 0.904545
0.722727 0.722727 0.672727 0.722727
0.809091 0.854545 0.663636 0.850000
0.859091 0.768182 0.722727 0.768182
0.819444 0.708333 0.666667 0.708333
0.777778 0.888889 0.787879 0.888889
0.732323 0.797980 0.732323 0.742424
0.668182 0.663636 0.768182 0.713636
0.668182 0.759091 0.668182 0.713636
0.663636 0.713636 0.813636 0.763636
0.859091 0.863636 0.859091 0.818182
0.809091 0.854545 0.800000 0.954545
0.859091 0.809091 0.622727 0.763636
0.804545 0.763636 0.709091 0.763636
0.819444 0.777778 0.583333 0.777778
0.530303 0.732323 0.843434 0.732323
0.752525 0.888889 0.797980 0.888889
0.618182 0.863636 0.818182 0.863636
0.854545 0.754545 0.750000 0.804545
0.577273 0.627273 0.718182 0.627273
0.718182 0.763636 0.668182 0.809091
0.909091 0.718182 0.763636 0.813636
0.854545 0.763636 0.668182 0.809091
0.759091 0.727273 0.727273 0.727273
0.680556 0.666667 0.722222 0.722222
0.732323 0.863636 0.696970 0.863636
0.944444 0.808081 0.863636 0.808081
0.663636 0.859091 0.768182 0.859091
0.850000 0.759091 0.754545 0.759091
0.800000 0.804545 0.809091 0.754545
0.763636 0.954545 0.672727 0.818182
0.863636 0.813636 0.863636 0.813636
0.709091 0.768182 0.672727 0.722727
0.622727 0.563636 0.672727 0.713636
0.722222 0.708333 0.694444 0.763889
0.797980 0.863636 0.863636 0.863636
0.676768 0.606061 0.641414 0.707071
0.813636 0.672727 0.518182 0.572727
0.718182 0.722727 0.618182 0.768182
0.800000 0.713636 0.568182 0.713636
0.663636 0.718182 0.768182 0.713636
0.904545 0.809091 0.763636 0.854545
0.854545 0.859091 0.813636 0.859091
0.663636 0.713636 0.663636 0.713636
0.902778 0.944444 0.944444 1.000000
0.787879 0.898990 0.909091 0.898990
0.651515 0.818182 0.752525 0.762626
0.709091 0.800000 0.809091 0.850000
0.804545 0.863636 0.768182 0.863636
0.809091 0.759091 0.713636 0.759091
0.804545 0.713636 0.718182 0.763636
0.854545 0.759091 0.613636 0.713636
0.904545 0.954545 0.904545 0.954545
0.804545 0.709091 0.763636 0.663636
0.819444 0.819444 0.680556 0.819444
0.651515 0.707071 0.606061 0.707071
0.641414 0.797980 0.909091 0.797980
0.804545 0.763636 0.631818 0.813636
0.659091 0.904545 0.809091 0.904545
0.713636 0.718182 0.577273 0.718182
0.854545 0.763636 0.763636 0.713636
0.809091 0.813636 0.818182 0.813636
0.713636 0.813636 0.568182 0.763636
0.859091 0.768182 0.668182 0.763636
0.847222 0.763889 0.791667 0.763889
0.671717 0.762626 0.722222 0.762626
0.696970 0.853535 0.818182 0.853535
0.859091 0.909091 0.859091 0.909091
0.718182 0.772727 0.531818 0.727273
0.850000 0.709091 0.663636 0.709091
0.754545 0.804545 0.809091 0.804545
0.613636 0.709091 0.663636 0.663636
0.800000 0.904545 0.904545 0.800000
0.672727 0.759091 0.659091 0.809091
0.763889 0.736111 0.861111 0.736111
0.742424 0.661616 0.626263 0.707071
0.772727 0.863636 0.717172 0.954545
0.854545 0.668182 0.663636 0.713636
0.754545 0.850000 0.759091 0.750000
0.618182 0.709091 0.718182 0.709091
0.859091 0.909091 0.854545 0.909091
0.563636 0.581818 0.713636 0.581818
0.809091 0.809091 0.763636 0.809091
0.713636 0.663636 0.713636 0.813636
0.861111 0.875000 0.875000 0.916667
0.853535 0.843434 0.853535 0.909091
0.752525 0.707071 0.808081 0.818182
