0.954545 1.000000 0.909091 1.000000
1.000000 0.950000 0.900000 1.000000
0.709091 0.659091 0.900000 0.709091
0.904545 0.904545 0.668182 0.854545
0.809091 0.713636 0.627273 0.672727
0.804545 0.709091 0.813636 0.759091
0.900000 0.800000 0.709091 0.900000
0.958333 0.902778 1.000000 0.847222
0.843434 0.843434 0.898990 0.797980
0.787879 0.888889 0.944444 0.888889
0.709091 0.854545 0.809091 0.809091
0.950000 0.904545 0.859091 0.904545
0.759091 0.850000 0.800000 0.850000
0.709091 0.759091 0.809091 0.713636
0.909091 0.863636 0.904545 0.954545
0.904545 0.900000 0.863636 0.904545
0.950000 0.900000 0.950000 0.950000
0.888889 0.791667 0.805556 0.847222
0.787879 0.944444 0.853535 0.888889
0.909091 1.000000 0.909091 0.954545
0.850000 0.800000 0.854545 0.900000
0.850000 0.850000 0.859091 0.854545
0.850000 0.950000 0.863636 0.950000
0.900000 0.904545 0.904545 0.904545
0.809091 0.809091 0.709091 0.859091
0.813636 0.718182 0.763636 0.763636
0.904545 1.000000 0.904545 0.950000
0.902778 0.805556 0.861111 0.805556
0.833333 0.843434 0.787879 0.843434
0.909091 0.909091 0.954545 0.909091
0.900000 0.904545 0.813636 0.904545
0.950000 0.900000 0.900000 0.900000
0.904545 0.854545 0.859091 0.900000
0.709091 0.754545 0.854545 0.759091
0.954545 0.859091 0.768182 0.854545
0.904545 0.904545 0.809091 0.900000
0.809091 0.763636 0.718182 0.768182
0.805556 0.847222 0.805556 0.847222
0.843434 0.843434 0.843434 0.843434
0.954545 0.944444 0.944444 0.944444
0.950000 0.950000 0.863636 0.950000
0.800000 0.900000 0.804545 0.900000
0.854545 0.854545 0.759091 0.809091
0.904545 0.954545 0.859091 0.909091
0.809091 0.854545 0.909091 0.904545
0.909091 0.809091 0.763636 0.713636
0.668182 0.618182 0.809091 0.759091
0.847222 0.750000 0.805556 0.750000
0.954545 1.000000 0.853535 0.954545
0.944444 0.944444 0.898990 0.888889
0.854545 0.854545 0.713636 0.809091
0.904545 0.859091 0.859091 0.904545
0.854545 0.713636 0.759091 0.809091
0.904545 0.854545 0.763636 0.854545
0.613636 0.709091 0.759091 0.759091
0.954545 0.950000 0.904545 1.000000
0.859091 0.854545 0.904545 0.854545
0.902778 0.902778 0.875000 0.861111
0.898990 0.898990 0.898990 0.898990
0.944444 0.843434 0.833333 0.833333
0.854545 0.809091 0.804545 0.809091
0.859091 0.859091 0.763636 0.859091
0.850000 0.850000 0.854545 0.900000
0.854545 0.804545 0.859091 0.850000
0.950000 0.904545 0.859091 0.904545
1.000000 0.800000 0.904545 0.904545
0.900000 0.900000 0.763636 0.900000
0.861111 0.861111 0.750000 0.791667
0.752525 0.808081 0.808081 0.752525
0.742424 0.944444 0.944444 0.944444
0.804545 0.804545 0.809091 0.754545
0.809091 0.804545 0.804545 0.900000
0.954545 0.818182 0.768182 0.722727
0.950000 0.950000 0.954545 0.900000
0.854545 0.854545 0.759091 0.854545
1.000000 0.950000 0.954545 0.950000
0.904545 0.859091 0.863636 0.859091
0.944444 0.833333 0.861111 0.833333
0.787879 0.843434 0.787879 0.843434
0.752525 0.797980 0.696970 0.853535
0.904545 0.854545 0.813636 0.904545
0.909091 0.954545 0.950000 0.954545
0.850000 0.754545 0.713636 0.804545
0.809091 0.809091 0.718182 0.859091
0.854545 0.813636 0.809091 0.859091
0.809091 0.809091 0.759091 0.759091
0.900000 0.809091 0.904545 0.809091
0.944444 0.833333 0.916667 0.888889
0.888889 0.853535 0.853535 0.843434
0.954545 0.944444 1.000000 1.000000
0.950000 0.854545 0.859091 0.904545
0.759091 0.804545 0.759091 0.759091
0.859091 0.809091 0.759091 0.804545
0.850000 0.900000 0.809091 0.900000
0.854545 0.804545 0.859091 0.804545
0.904545 0.909091 0.859091 0.954545
0.904545 0.854545 0.850000 0.904545
0.847222 0.958333 0.958333 0.916667
0.853535 0.808081 0.762626 0.762626
0.944444 0.954545 1.000000 0.944444
