0.437500 0.125000 0.312500 0.437500
0.607143 0.857143 0.285714 0.607143
0.785714 0.785714 0.607143 0.785714
0.428571 0.535714 1.000000 0.428571
0.678571 0.285714 0.428571 0.678571
0.678571 0.607143 0.214286 0.678571
0.857143 0.285714 0.678571 0.857143
0.785714 0.750000 0.678571 0.785714
0.428571 0.357143 0.285714 0.428571
0.857143 0.928571 0.535714 0.857143
0.875000 0.875000 0.750000 0.875000
0.607143 0.678571 0.214286 0.607143
0.607143 0.535714 0.607143 0.607143
0.678571 0.214286 0.535714 0.678571
0.678571 0.428571 0.535714 0.678571
0.928571 0.607143 0.285714 0.928571
0.214286 0.285714 0.357143 0.214286
0.678571 0.607143 0.678571 0.678571
0.607143 0.535714 0.607143 0.607143
0.285714 0.535714 0.785714 0.285714
0.375000 0.187500 0.312500 0.375000
0.928571 0.785714 0.607143 0.928571
0.678571 0.678571 0.750000 0.678571
0.857143 0.928571 0.607143 0.857143
0.607143 0.285714 0.535714 0.607143
0.678571 0.928571 0.607143 0.678571
0.857143 0.500000 0.607143 0.857143
0.357143 0.607143 0.357143 0.357143
0.535714 0.678571 0.357143 0.535714
0.857143 0.678571 0.285714 0.857143
0.812500 0.750000 0.937500 0.812500
0.285714 0.285714 0.464286 0.285714
0.857143 0.785714 0.607143 0.857143
0.750000 0.607143 0.607143 0.750000
0.607143 0.785714 0.464286 0.607143
0.785714 1.000000 0.535714 0.785714
0.357143 0.607143 0.857143 0.357143
0.678571 0.285714 0.535714 0.678571
0.928571 0.678571 0.750000 0.928571
1.000000 0.357143 0.750000 1.000000
0.500000 0.812500 0.312500 0.500000
0.678571 0.535714 0.357143 0.678571
0.607143 0.607143 0.928571 0.607143
0.535714 0.535714 0.357143 0.535714
0.857143 0.785714 0.464286 0.857143
0.607143 0.357143 0.678571 0.607143
0.785714 0.857143 0.357143 0.785714
0.857143 0.428571 0.678571 0.857143
0.535714 1.000000 0.607143 0.535714
0.500000 0.678571 0.464286 0.500000
0.187500 0.687500 0.750000 0.187500
0.678571 0.678571 0.535714 0.678571
0.464286 0.678571 0.785714 0.464286
0.857143 0.857143 0.678571 0.857143
0.928571 0.392857 0.607143 0.928571
0.607143 0.607143 0.785714 0.607143
0.500000 0.500000 0.535714 0.500000
0.928571 0.678571 0.714286 0.928571
0.428571 0.214286 0.607143 0.428571
0.785714 0.535714 0.535714 0.785714
0.375000 0.875000 0.437500 0.375000
0.607143 0.321429 0.428571 0.607143
0.607143 0.357143 0.392857 0.607143
0.607143 0.607143 0.357143 0.607143
0.607143 0.535714 0.678571 0.607143
0.285714 0.285714 0.785714 0.285714
0.678571 0.750000 0.142857 0.678571
0.607143 0.285714 0.285714 0.607143
0.857143 0.607143 0.750000 0.857143
0.750000 0.678571 0.607143 0.750000
0.312500 0.750000 0.812500 0.312500
0.928571 0.857143 0.357143 0.928571
0.714286 0.535714 0.714286 0.714286
0.607143 0.678571 0.607143 0.607143
0.357143 0.785714 0.607143 0.357143
0.928571 0.285714 0.607143 0.928571
0.750000 0.750000 0.392857 0.750000
0.607143 0.785714 0.285714 0.607143
0.464286 0.357143 0.535714 0.464286
0.750000 0.285714 0.607143 0.750000
0.375000 0.375000 0.187500 0.375000
0.607143 0.535714 0.535714 0.607143
0.607143 0.928571 0.357143 0.607143
0.678571 0.500000 0.285714 0.678571
0.678571 0.678571 0.607143 0.678571
0.785714 0.678571 0.464286 0.785714
0.535714 0.285714 0.714286 0.535714
0.607143 0.857143 0.535714 0.607143
0.607143 0.357143 0.535714 0.607143
0.678571 0.428571 0.750000 0.678571
0.875000 0.375000 0.187500 0.875000
0.535714 0.607143 0.464286 0.535714
0.535714 0.535714 0.607143 0.535714
0.285714 0.285714 0.071429 0.285714
0.678571 0.285714 0.285714 0.678571
0.535714 0.678571 0.535714 0.535714
0.857143 0.428571 0.714286 0.857143
0.928571 1.000000 0.535714 0.928571
0.607143 0.607143 0.464286 0.607143
0.750000 0.607143 0.678571 0.750000
