0.909864 0.908942 0.908942 0.909249
0.938252 0.932462 0.932462 0.937637
0.918114 0.917192 0.917192 0.915962
0.900437 0.899233 0.899233 0.898284
0.903459 0.902844 0.902844 0.903459
0.908019 0.910453 0.910453 0.908327
0.903793 0.898618 0.898618 0.903178
0.912632 0.912324 0.912324 0.911709
0.914058 0.910683 0.910683 0.912520
0.913206 0.907417 0.907417 0.909850
0.901333 0.900410 0.900410 0.900410
0.933358 0.930617 0.930617 0.932743
0.920240 0.918114 0.918114 0.917192
0.895569 0.894339 0.894339 0.893724
0.910760 0.907097 0.907097 0.907712
0.909249 0.903767 0.903767 0.908327
0.912298 0.905893 0.905893 0.911068
0.913220 0.911990 0.911990 0.911990
0.914373 0.913758 0.913758 0.913450
0.912032 0.912340 0.912340 0.911724
0.913862 0.914169 0.914169 0.913554
0.908968 0.902563 0.902563 0.906227
0.918729 0.915680 0.915680 0.917807
0.890060 0.888523 0.888523 0.889445
0.914477 0.911120 0.911120 0.913554
0.913220 0.911683 0.911683 0.911683
0.906815 0.907430 0.907430 0.906508
0.936381 0.937611 0.937611 0.936073
0.915588 0.909760 0.909760 0.914358
0.902522 0.900704 0.900704 0.901598
0.899795 0.900103 0.900103 0.899180
0.943708 0.943708 0.943708 0.943708
0.914758 0.911402 0.911402 0.913528
0.904715 0.901974 0.901974 0.901359
0.890675 0.888241 0.888241 0.890675
0.910479 0.908045 0.908045 0.909249
0.932128 0.931513 0.931513 0.930591
0.897028 0.886678 0.886678 0.896105
0.926950 0.925105 0.925105 0.926950
0.895557 0.894942 0.894942 0.892508
0.897054 0.893083 0.893083 0.893698
0.908327 0.907712 0.907712 0.906174
0.932796 0.927313 0.927313 0.932181
0.909609 0.903819 0.903819 0.908379
0.923597 0.923289 0.923289 0.922674
0.915065 0.907457 0.907457 0.914450
0.908019 0.907097 0.907097 0.907712
0.897669 0.896131 0.896131 0.895209
0.914973 0.911905 0.911905 0.914665
0.915360 0.912927 0.912927 0.915360
0.933973 0.934281 0.934281 0.933358
0.919010 0.919318 0.919318 0.919318
0.905585 0.904663 0.904663 0.904355
0.909838 0.904355 0.904355 0.907404
0.893109 0.887626 0.887626 0.891879
0.913835 0.910172 0.910172 0.909530
0.899488 0.899488 0.899488 0.898258
0.912043 0.908072 0.908072 0.911120
0.911305 0.906708 0.906708 0.907930
0.924227 0.922996 0.922996 0.922689
0.882144 0.879710 0.879710 0.880914
0.928491 0.927876 0.927876 0.927568
0.921778 0.917499 0.917499 0.918729
0.919318 0.912632 0.912632 0.918395
0.916577 0.913835 0.913835 0.915962
0.911709 0.904997 0.904997 0.905612
0.918703 0.919907 0.919907 0.917780
0.915962 0.915654 0.915654 0.915039
0.876325 0.875710 0.875710 0.874480
0.930912 0.927863 0.927863 0.930912
0.921778 0.919933 0.919933 0.920548
0.895261 0.893750 0.893750 0.893724
0.901052 0.901052 0.901052 0.901359
0.900129 0.894339 0.894339 0.900129
0.910427 0.907097 0.907097 0.909197
0.919344 0.918422 0.918422 0.917499
0.922059 0.922674 0.922674 0.921137
0.923008 0.922085 0.922085 0.921778
0.936453 0.926328 0.926328 0.936145
0.892452 0.888173 0.888173 0.886047
0.911709 0.910479 0.910479 0.910172
0.898899 0.886704 0.886704 0.897361
0.910172 0.905612 0.905612 0.908634
0.937637 0.928491 0.928491 0.934588
0.919907 0.918395 0.918395 0.917754
0.919370 0.916629 0.916629 0.918140
0.878146 0.876916 0.876916 0.877224
0.915680 0.915065 0.915065 0.915373
0.930002 0.926320 0.926320 0.930617
0.900424 0.903165 0.903165 0.900424
0.909275 0.908353 0.908353 0.908968
0.917192 0.912939 0.912939 0.915654
0.915654 0.909249 0.909249 0.912913
0.892213 0.890983 0.890983 0.890983
0.913835 0.913220 0.913220 0.916577
0.924519 0.921470 0.921470 0.923904
0.904355 0.904048 0.904048 0.903433
0.915065 0.914758 0.914758 0.915065
0.923868 0.922030 0.922030 0.920800
0.902886 0.899529 0.899529 0.902886
