0.871675 0.753186 0.575567 0.575567
0.872208 0.756936 0.585340 0.585340
0.874253 0.824477 0.584468 0.584468
0.876997 0.756961 0.575741 0.575741
0.875899 0.757996 0.583021 0.583021
0.867150 0.755059 0.579118 0.579118
0.868592 0.754748 0.577057 0.577057
0.867988 0.757303 0.574370 0.574370
0.869528 0.757725 0.580651 0.580651
0.874761 0.758904 0.574205 0.574205
0.868056 0.758856 0.577195 0.577195
0.871745 0.758672 0.577397 0.577397
0.878062 0.756674 0.581572 0.581572
0.869419 0.753717 0.577772 0.577772
0.869615 0.753408 0.580478 0.580478
0.869856 0.751771 0.575885 0.575885
0.865813 0.754153 0.579189 0.579189
0.875225 0.828815 0.580498 0.580498
0.877540 0.760665 0.580257 0.580257
0.873512 0.759405 0.581475 0.581475
0.871941 0.748318 0.580319 0.580319
0.879655 0.756737 0.578798 0.578798
0.866939 0.758922 0.581911 0.581911
0.869068 0.747713 0.575914 0.575914
0.878101 0.830119 0.576870 0.576870
0.871690 0.763384 0.583000 0.583000
0.875509 0.760662 0.577178 0.577178
0.873136 0.758122 0.582419 0.582419
0.871402 0.758140 0.578353 0.578353
0.869545 0.742462 0.575872 0.575872
0.868127 0.758538 0.582055 0.582055
0.864998 0.758521 0.575243 0.575243
0.868823 0.754925 0.580632 0.580632
0.875506 0.824991 0.572878 0.572878
0.865890 0.745457 0.581764 0.581764
0.876895 0.760979 0.576138 0.576138
0.876380 0.753752 0.585272 0.585272
0.871723 0.759228 0.582639 0.582639
0.871179 0.752850 0.581561 0.581561
0.877465 0.759046 0.578899 0.578899
0.873592 0.753326 0.580682 0.580682
0.873727 0.758732 0.575968 0.575968
0.870485 0.751308 0.577776 0.577776
0.876208 0.761565 0.578964 0.578964
0.871265 0.755890 0.579673 0.579673
0.870443 0.762907 0.578086 0.578086
0.868886 0.757929 0.577585 0.577585
0.870724 0.749064 0.574434 0.574434
0.871375 0.826177 0.577562 0.577562
0.871273 0.757746 0.580957 0.580957
0.868675 0.751302 0.574075 0.574075
0.867688 0.752020 0.576896 0.576896
0.875098 0.833122 0.580459 0.580459
0.881683 0.768176 0.581834 0.581834
0.865369 0.748517 0.580786 0.580786
0.872351 0.753184 0.572303 0.572303
0.869662 0.754424 0.579726 0.579726
0.874387 0.754615 0.576886 0.576886
0.872004 0.757484 0.585446 0.585446
0.873982 0.758035 0.579343 0.579343
0.872226 0.757696 0.576342 0.576342
0.871771 0.755952 0.574111 0.574111
0.870219 0.821699 0.581618 0.581618
0.872123 0.759143 0.583633 0.583633
0.872509 0.755637 0.578137 0.578137
0.871843 0.754968 0.581905 0.581905
0.873702 0.760096 0.579305 0.579305
0.877968 0.757217 0.582025 0.582025
0.872288 0.750934 0.577993 0.577993
0.868865 0.754223 0.577914 0.577914
0.874311 0.756764 0.578514 0.578514
0.870697 0.762831 0.577709 0.577709
0.872744 0.749769 0.578334 0.578334
0.864685 0.812332 0.579466 0.579466
0.876253 0.762104 0.585169 0.585169
0.877327 0.761366 0.573971 0.573971
0.872642 0.758640 0.578807 0.578807
0.870907 0.752569 0.572169 0.572169
0.870379 0.760775 0.582827 0.582827
0.876895 0.754640 0.581492 0.581492
0.872366 0.754553 0.579813 0.579813
0.873625 0.758891 0.581730 0.581730
0.868637 0.753249 0.579890 0.579890
0.867157 0.753911 0.579149 0.579149
0.869301 0.754561 0.573112 0.573112
0.875459 0.753635 0.577549 0.577549
0.876731 0.833482 0.581610 0.581610
0.870574 0.754084 0.589412 0.589412
0.879007 0.763197 0.577641 0.577641
0.869885 0.748498 0.579861 0.579861
0.872696 0.762176 0.579349 0.579349
0.873382 0.755708 0.585737 0.585737
0.873655 0.756607 0.574315 0.574315
0.870065 0.752929 0.582972 0.582972
0.872899 0.759997 0.576272 0.576272
0.867720 0.822391 0.576366 0.576366
0.872415 0.754798 0.585370 0.585370
0.870387 0.751193 0.579736 0.579736
0.875852 0.751845 0.579482 0.579482
0.874086 0.762155 0.580732 0.580732
