0.842363 0.653967 0.653967 0.733946
0.838819 0.644484 0.644484 0.710263
0.842262 0.694650 0.694650 0.714841
0.828402 0.634610 0.634610 0.720175
0.839853 0.631734 0.631734 0.731992
0.831845 0.675595 0.675595 0.722546
0.834721 0.649125 0.649125 0.724639
0.839996 0.635925 0.635925 0.706582
0.845588 0.644469 0.644469 0.744491
0.824884 0.659875 0.659875 0.721949
0.836448 0.656666 0.656666 0.744918
0.830584 0.639578 0.639578 0.734312
0.821290 0.637460 0.637460 0.729961
0.851796 0.690665 0.690665 0.723933
0.843283 0.639704 0.639704 0.726279
0.849261 0.642529 0.642529 0.733303
0.824405 0.644295 0.644295 0.726317
0.839821 0.692388 0.692388 0.715399
0.833857 0.653443 0.653443 0.719818
0.824395 0.629728 0.629728 0.721832
0.838970 0.634534 0.634534 0.717943
0.840913 0.697387 0.697387 0.704348
0.838781 0.661647 0.661647 0.731802
0.823976 0.650953 0.650953 0.733845
0.826549 0.634282 0.634282 0.734224
0.856739 0.653867 0.653867 0.736922
0.830458 0.648015 0.648015 0.713062
0.846957 0.643922 0.643922 0.731939
0.845823 0.634185 0.634185 0.734637
0.841951 0.679641 0.679641 0.728811
0.845427 0.640902 0.640902 0.744426
0.832085 0.681232 0.681232 0.716884
0.833333 0.643450 0.643450 0.724917
0.837848 0.655456 0.655456 0.743947
0.833850 0.666187 0.666187 0.725005
0.834771 0.650159 0.650159 0.723618
0.828352 0.648103 0.648103 0.732092
0.847641 0.640598 0.640598 0.722946
0.820973 0.668341 0.668341 0.744119
0.837044 0.640187 0.640187 0.715087
0.828541 0.648759 0.648759 0.727023
0.849564 0.651344 0.651344 0.728687
0.836965 0.694713 0.694713 0.729242
0.833560 0.625921 0.625921 0.721247
0.847748 0.646300 0.646300 0.727943
0.850497 0.656666 0.656666 0.720125
0.833850 0.632201 0.632201 0.725346
0.837025 0.640715 0.640715 0.717080
0.830534 0.677119 0.677119 0.714187
0.823593 0.649357 0.649357 0.731392
0.800898 0.636098 0.636098 0.725346
0.821794 0.645115 0.645115 0.728133
0.834733 0.658293 0.658293 0.734980
0.838630 0.639591 0.639591 0.726834
0.835250 0.616513 0.616513 0.687702
0.849198 0.691094 0.691094 0.732862
0.833522 0.647359 0.647359 0.735031
0.836771 0.656903 0.656903 0.735439
0.854816 0.650021 0.650021 0.735224
0.848227 0.651722 0.651722 0.755772
0.850585 0.655039 0.655039 0.745750
0.847533 0.659882 0.659882 0.722874
0.840875 0.666200 0.666200 0.720679
0.822021 0.650525 0.650525 0.726998
0.824770 0.652580 0.652580 0.731109
0.830357 0.648583 0.648583 0.726695
0.844645 0.656616 0.656616 0.738146
0.860837 0.645310 0.645310 0.765723
0.842167 0.674851 0.674851 0.716885
0.829595 0.633911 0.633911 0.726777
0.833283 0.635177 0.635177 0.724122
0.830773 0.648620 0.648620 0.731487
0.844406 0.635669 0.635669 0.731109
0.838315 0.671610 0.671610 0.712596
0.840131 0.655140 0.655140 0.732836
0.830155 0.675646 0.675646 0.729848
0.838542 0.645682 0.645682 0.730541
0.839175 0.628985 0.628985 0.745722
0.842088 0.649572 0.649572 0.730923
0.829146 0.637235 0.637235 0.719114
0.827419 0.647864 0.647864 0.726317
0.843195 0.679757 0.679757 0.711864
0.857761 0.650714 0.650714 0.750921
0.835238 0.652933 0.652933 0.725005
0.826082 0.623134 0.623134 0.750845
0.833069 0.646628 0.646628 0.738890
0.840736 0.649869 0.649869 0.713491
0.835559 0.640403 0.640403 0.715224
0.828950 0.670530 0.670530 0.728831
0.851004 0.661244 0.661244 0.744902
0.834267 0.642113 0.642113 0.721386
0.818906 0.648015 0.648015 0.717010
0.836864 0.661320 0.661320 0.704916
0.848643 0.656073 0.656073 0.744893
0.828642 0.690300 0.690300 0.710868
0.843649 0.636274 0.636274 0.735056
0.848315 0.695004 0.695004 0.747579
0.844493 0.636785 0.636785 0.735771
0.825157 0.630392 0.630392 0.717823
0.837298 0.658584 0.658584 0.738606
