0.977273 0.977273 0.954545 0.977273
0.977273 0.985714 0.920130 0.962987
0.952381 0.952381 0.928571 0.952381
1.000000 1.000000 0.952381 1.000000
0.976190 0.976190 0.976190 0.948413
0.986111 0.986111 0.962302 0.986111
0.938492 0.876984 0.849206 0.876984
0.938492 0.900794 0.873016 0.914683
0.928571 0.914683 0.914683 0.876984
0.952381 0.928571 0.880952 0.928571
0.954545 0.925974 0.857792 0.940260
0.909091 0.886364 0.849351 0.886364
0.976190 0.962302 0.938492 0.976190
0.976190 0.976190 0.976190 0.952381
0.952381 0.976190 0.962302 0.962302
0.962302 0.962302 0.962302 0.962302
1.000000 1.000000 0.972222 0.986111
1.000000 1.000000 0.986111 1.000000
0.914683 0.914683 0.867063 0.914683
0.976190 0.961905 0.900000 0.976190
0.962987 0.962987 0.954545 0.962987
0.954545 0.977273 0.962987 0.977273
0.952381 0.952381 0.910714 0.938492
0.976190 0.976190 0.938492 0.976190
0.928571 0.928571 0.900794 0.914683
0.952381 0.952381 0.924603 0.928571
0.938492 0.962302 0.952381 0.914683
0.952381 0.924603 0.938492 0.910714
1.000000 1.000000 0.962302 1.000000
0.952381 0.976190 0.890476 0.976190
0.931818 0.940260 0.925974 0.917532
0.931818 0.909091 0.880519 0.931818
1.000000 1.000000 0.976190 1.000000
0.914683 0.914683 0.867063 0.914683
0.924603 0.952381 0.938492 0.928571
0.976190 0.962302 0.952381 0.962302
0.976190 0.976190 0.938492 0.976190
0.976190 0.976190 0.938492 0.976190
0.962302 0.934524 0.948413 0.934524
0.952381 0.952381 0.904762 0.928571
0.954545 0.954545 0.931818 0.931818
0.931818 0.954545 0.917532 0.954545
0.976190 1.000000 0.952381 0.952381
0.986111 0.962302 0.976190 0.976190
0.976190 0.976190 0.962302 0.976190
0.914683 0.914683 0.904762 0.914683
0.938492 0.938492 0.886905 0.914683
1.000000 1.000000 1.000000 1.000000
0.962302 0.962302 0.920635 0.948413
0.952381 0.952381 0.838095 0.928571
0.886364 0.863636 0.849351 0.863636
1.000000 1.000000 1.000000 1.000000
0.976190 0.976190 0.938492 0.952381
0.938492 0.952381 0.904762 0.938492
0.976190 0.948413 0.914683 0.962302
0.928571 0.952381 0.914683 0.928571
0.986111 0.986111 0.972222 0.986111
0.958333 0.958333 0.972222 0.958333
0.952381 0.952381 0.904762 0.952381
0.961905 0.938095 0.847619 0.952381
0.985714 1.000000 0.954545 0.971429
0.954545 0.931818 0.903247 0.931818
1.000000 0.962302 0.948413 0.976190
1.000000 0.962302 0.962302 0.986111
0.976190 0.962302 0.948413 0.976190
0.914683 0.900794 0.904762 0.900794
0.976190 0.976190 0.962302 0.976190
0.890873 0.914683 0.863095 0.867063
0.976190 0.976190 0.880952 0.976190
0.952381 0.928571 0.928571 0.928571
0.977273 0.977273 0.940260 0.977273
1.000000 0.977273 0.962987 0.977273
0.928571 0.928571 0.843254 0.904762
0.938492 0.948413 0.938492 0.948413
0.914683 0.938492 0.928571 0.914683
0.962302 0.962302 0.896825 0.962302
0.952381 0.914683 0.900794 0.914683
1.000000 1.000000 0.986111 1.000000
0.976190 0.976190 0.952381 0.962302
0.976190 0.938095 0.914286 0.952381
1.000000 0.977273 0.940260 0.977273
0.954545 0.954545 0.909091 0.954545
0.938492 0.938492 0.928571 0.900794
0.976190 0.976190 0.948413 1.000000
1.000000 0.986111 1.000000 0.986111
0.904762 0.890873 0.876984 0.867063
0.976190 0.976190 0.976190 0.976190
0.976190 0.962302 0.952381 0.962302
0.938492 0.938492 0.873016 0.938492
0.961905 0.976190 0.890476 0.938095
0.977273 0.977273 0.985714 0.977273
0.909091 0.894805 0.894805 0.880519
0.976190 0.962302 0.962302 0.952381
0.910714 0.924603 0.886905 0.938492
1.000000 1.000000 0.986111 1.000000
0.976190 0.976190 0.952381 0.976190
0.962302 0.962302 0.938492 0.962302
0.976190 0.900794 0.886905 0.914683
0.962302 0.962302 0.938492 0.976190
0.928571 0.938095 0.880952 0.928571
