0.607692 0.642308 0.642308 0.584615
0.565385 0.615385 0.623077 0.580769
0.619231 0.646154 0.669231 0.619231
0.600000 0.584615 0.580769 0.592308
0.630769 0.600000 0.657692 0.584615
0.561538 0.623077 0.650000 0.611538
0.623077 0.603846 0.626923 0.607692
0.576923 0.630769 0.619231 0.588462
0.603846 0.607692 0.592308 0.607692
0.607692 0.603846 0.673077 0.588462
0.550000 0.553846 0.619231 0.542308
0.584615 0.626923 0.607692 0.592308
0.584615 0.596154 0.607692 0.619231
0.607692 0.603846 0.669231 0.638462
0.596154 0.573077 0.630769 0.603846
0.588462 0.611538 0.642308 0.619231
0.596154 0.580769 0.684615 0.588462
0.615385 0.630769 0.634615 0.588462
0.600000 0.596154 0.626923 0.584615
0.623077 0.611538 0.626923 0.626923
0.623077 0.630769 0.623077 0.623077
0.653846 0.626923 0.646154 0.653846
0.607692 0.588462 0.665385 0.584615
0.569231 0.596154 0.669231 0.584615
0.619231 0.634615 0.619231 0.688462
0.603846 0.569231 0.623077 0.592308
0.592308 0.588462 0.623077 0.588462
0.623077 0.588462 0.623077 0.600000
0.588462 0.615385 0.661538 0.615385
0.623077 0.596154 0.653846 0.615385
0.596154 0.592308 0.657692 0.569231
0.580769 0.638462 0.646154 0.603846
0.623077 0.657692 0.615385 0.661538
0.630769 0.657692 0.669231 0.673077
0.611538 0.607692 0.669231 0.611538
0.642308 0.623077 0.653846 0.630769
0.576923 0.565385 0.619231 0.565385
0.596154 0.592308 0.630769 0.615385
0.600000 0.638462 0.626923 0.584615
0.611538 0.626923 0.615385 0.611538
0.626923 0.630769 0.646154 0.623077
0.611538 0.619231 0.665385 0.642308
0.661538 0.646154 0.650000 0.630769
0.592308 0.607692 0.650000 0.611538
0.576923 0.600000 0.623077 0.596154
0.611538 0.580769 0.657692 0.588462
0.596154 0.596154 0.619231 0.607692
0.607692 0.588462 0.611538 0.596154
0.580769 0.619231 0.600000 0.580769
0.580769 0.638462 0.653846 0.600000
0.569231 0.550000 0.638462 0.592308
0.576923 0.580769 0.607692 0.550000
0.588462 0.603846 0.642308 0.580769
0.619231 0.600000 0.623077 0.596154
0.569231 0.650000 0.619231 0.584615
0.619231 0.657692 0.596154 0.611538
0.642308 0.600000 0.673077 0.603846
0.603846 0.588462 0.642308 0.596154
0.630769 0.603846 0.650000 0.650000
0.619231 0.661538 0.623077 0.634615
0.569231 0.573077 0.638462 0.592308
0.653846 0.623077 0.661538 0.630769
0.561538 0.615385 0.607692 0.584615
0.619231 0.600000 0.611538 0.611538
0.607692 0.650000 0.638462 0.642308
0.600000 0.623077 0.623077 0.623077
0.592308 0.584615 0.646154 0.561538
0.634615 0.676923 0.657692 0.665385
0.607692 0.607692 0.665385 0.596154
0.573077 0.588462 0.603846 0.584615
0.600000 0.569231 0.650000 0.561538
0.588462 0.580769 0.638462 0.561538
0.592308 0.580769 0.653846 0.603846
0.603846 0.642308 0.626923 0.638462
0.580769 0.592308 0.661538 0.596154
0.638462 0.657692 0.623077 0.611538
0.676923 0.680769 0.657692 0.684615
0.588462 0.561538 0.626923 0.603846
0.557692 0.576923 0.600000 0.588462
0.592308 0.588462 0.588462 0.588462
0.650000 0.634615 0.653846 0.623077
0.592308 0.603846 0.615385 0.580769
0.576923 0.611538 0.673077 0.573077
0.638462 0.665385 0.657692 0.630769
0.603846 0.580769 0.646154 0.573077
0.607692 0.588462 0.619231 0.607692
0.642308 0.650000 0.665385 0.607692
0.596154 0.611538 0.619231 0.615385
0.596154 0.596154 0.650000 0.553846
0.588462 0.565385 0.603846 0.600000
0.611538 0.623077 0.676923 0.588462
0.603846 0.584615 0.623077 0.576923
0.584615 0.607692 0.634615 0.642308
0.584615 0.611538 0.638462 0.576923
0.588462 0.580769 0.623077 0.580769
0.573077 0.607692 0.615385 0.592308
0.573077 0.580769 0.580769 0.573077
0.615385 0.607692 0.630769 0.592308
0.584615 0.596154 0.634615 0.596154
0.661538 0.661538 0.657692 0.688462
