0.917532 0.977273 0.948701 0.977273
0.925974 0.948701 0.914286 0.948701
0.962302 0.976190 0.938492 1.000000
0.976190 1.000000 0.986111 1.000000
0.934524 0.962302 0.920635 0.962302
0.986111 1.000000 0.986111 1.000000
0.948413 0.948413 0.849206 0.910714
0.944444 0.972222 0.962302 0.972222
0.962302 0.952381 0.910714 0.938492
0.923810 0.961905 0.976190 0.961905
0.985714 0.971429 0.957143 0.985714
0.917532 0.954545 0.857792 0.954545
0.986111 0.986111 0.944444 0.972222
0.976190 0.976190 1.000000 0.976190
0.948413 0.934524 0.972222 0.934524
0.938492 1.000000 0.986111 1.000000
0.962302 0.962302 0.920635 0.986111
0.958333 0.986111 0.972222 0.986111
0.938492 0.928571 0.914683 0.928571
0.952381 0.961905 0.933333 0.947619
0.934416 0.977273 0.977273 1.000000
0.977273 0.977273 0.891558 0.962987
0.962302 0.962302 0.944444 0.962302
0.934524 0.948413 0.952381 0.948413
0.948413 0.972222 0.972222 0.962302
0.962302 0.952381 0.948413 0.952381
0.896825 0.952381 0.938492 0.952381
0.986111 0.958333 0.920635 0.948413
1.000000 1.000000 0.958333 1.000000
0.961905 0.976190 0.961905 1.000000
0.917532 0.917532 0.911688 0.940260
0.971429 1.000000 0.948701 1.000000
0.948413 0.976190 0.958333 1.000000
0.900794 0.928571 0.867063 0.952381
0.962302 0.976190 0.952381 0.976190
0.910714 1.000000 0.962302 1.000000
0.944444 0.986111 0.986111 0.986111
1.000000 0.976190 0.986111 0.976190
0.948413 0.934524 0.892857 0.920635
0.957143 0.961905 0.957143 0.961905
0.962987 0.954545 0.954545 0.954545
0.985714 1.000000 0.962987 0.977273
0.900794 0.904762 0.962302 0.962302
0.948413 1.000000 0.958333 1.000000
1.000000 1.000000 0.972222 1.000000
0.924603 0.938492 0.900794 0.938492
0.859127 0.934524 0.892857 0.934524
1.000000 1.000000 1.000000 1.000000
0.962302 0.958333 0.916667 0.958333
0.961905 0.976190 0.919048 0.952381
0.903247 0.886364 0.886364 0.849351
0.985714 0.977273 0.977273 1.000000
0.972222 1.000000 0.972222 1.000000
0.986111 0.986111 0.962302 1.000000
0.900794 0.962302 0.906746 0.962302
0.976190 0.976190 0.938492 0.976190
0.976190 0.972222 0.944444 0.972222
0.930556 0.986111 0.972222 0.986111
0.924603 0.986111 0.972222 0.986111
0.947619 0.957143 0.847619 0.971429
0.948701 0.971429 0.971429 0.985714
0.977273 0.962987 0.948701 0.962987
0.972222 0.972222 0.920635 0.948413
0.962302 0.972222 0.958333 0.986111
0.976190 0.952381 0.906746 0.948413
0.952381 0.952381 0.938492 0.928571
1.000000 0.976190 0.958333 0.976190
0.920635 0.924603 0.962302 0.938492
0.934524 0.976190 0.948413 1.000000
0.952381 1.000000 1.000000 1.000000
0.971429 0.971429 0.985714 1.000000
0.971429 0.985714 0.971429 0.985714
0.938492 0.952381 0.890873 0.976190
0.962302 0.938492 0.920635 0.962302
0.904762 0.952381 0.952381 0.938492
0.920635 0.986111 0.944444 0.986111
0.952381 0.952381 0.910714 0.952381
0.986111 1.000000 0.958333 0.986111
0.972222 0.986111 0.938492 0.986111
0.976190 0.938095 0.919048 0.914286
1.000000 1.000000 0.971429 1.000000
0.917532 0.931818 0.948701 0.940260
0.976190 0.938492 0.910714 0.938492
0.986111 1.000000 0.972222 0.986111
0.920635 0.948413 0.962302 0.972222
0.924603 0.914683 0.863095 0.914683
0.962302 1.000000 0.972222 1.000000
0.958333 1.000000 0.958333 1.000000
0.896825 0.962302 0.906746 0.962302
0.976190 0.961905 0.971429 0.961905
0.971429 0.977273 0.971429 0.977273
0.917532 0.903247 0.829221 0.888961
0.962302 0.972222 0.930556 0.972222
0.920635 0.976190 0.962302 0.986111
1.000000 1.000000 0.986111 1.000000
0.986111 0.976190 0.962302 1.000000
0.855159 0.962302 0.986111 0.962302
0.986111 0.972222 0.944444 0.958333
0.962302 0.934524 0.934524 0.962302
0.961905 0.976190 0.933333 0.928571
