0.680060 0.672619 0.500000 0.680060
0.738095 0.696429 0.511905 0.738095
0.687500 0.665179 0.500000 0.687500
0.699405 0.677083 0.500000 0.699405
0.680057 0.711621 0.512195 0.680057
0.575323 0.584648 0.500000 0.575323
0.638451 0.586801 0.500000 0.638451
0.592539 0.596844 0.500000 0.594692
0.731707 0.723816 0.500000 0.731707
0.700457 0.730183 0.500000 0.700457
0.754464 0.782738 0.511905 0.742560
0.761905 0.708333 0.500000 0.761905
0.706845 0.641369 0.500000 0.706845
0.566964 0.519345 0.500000 0.555060
0.626255 0.704448 0.500000 0.650646
0.643472 0.657819 0.500000 0.643472
0.616212 0.645624 0.500000 0.616212
0.555237 0.532999 0.500000 0.555237
0.624103 0.586801 0.500000 0.624103
0.700457 0.735518 0.512195 0.700457
0.647321 0.660714 0.500000 0.647321
0.687500 0.680060 0.500000 0.687500
0.644345 0.602679 0.500000 0.644345
0.683036 0.754464 0.500000 0.683036
0.672166 0.694405 0.500000 0.672166
0.653515 0.645624 0.500000 0.653515
0.643472 0.699426 0.500000 0.667862
0.586801 0.616212 0.512195 0.697274
0.672884 0.609039 0.500000 0.672884
0.676067 0.679878 0.512195 0.676067
0.639881 0.632440 0.500000 0.639881
0.699405 0.711310 0.500000 0.699405
0.581845 0.578869 0.500000 0.620536
0.726190 0.633929 0.500000 0.726190
0.726686 0.653515 0.500000 0.726686
0.768293 0.741033 0.512195 0.768293
0.667862 0.640603 0.500000 0.667862
0.680057 0.652798 0.500000 0.650646
0.653515 0.579627 0.500000 0.653515
0.573933 0.573933 0.500000 0.573933
0.651786 0.732143 0.500000 0.651786
0.611607 0.589286 0.500000 0.616071
0.622024 0.669643 0.500000 0.711310
0.699405 0.641369 0.511905 0.660714
0.690100 0.682209 0.500000 0.685079
0.609039 0.591822 0.512195 0.598996
0.643472 0.680057 0.500000 0.643472
0.721664 0.586801 0.500000 0.647776
0.690100 0.667862 0.500000 0.690100
0.780488 0.666159 0.500000 0.780488
0.671131 0.696429 0.500000 0.671131
0.694940 0.625000 0.500000 0.694940
0.659226 0.660714 0.500000 0.659226
0.694940 0.660714 0.500000 0.668155
0.743902 0.794835 0.512195 0.743902
0.665710 0.662841 0.500000 0.665710
0.633429 0.604017 0.500000 0.633429
0.653515 0.616212 0.500000 0.680057
0.667862 0.736011 0.512195 0.667862
0.586128 0.610518 0.500000 0.548018
0.648810 0.641369 0.500000 0.648810
0.778274 0.718750 0.500000 0.778274
0.687500 0.732143 0.500000 0.687500
0.683036 0.691964 0.500000 0.683036
0.680057 0.682209 0.500000 0.680057
0.520803 0.479197 0.500000 0.532999
0.616212 0.598996 0.500000 0.616212
0.558106 0.513630 0.500000 0.558106
0.697274 0.682209 0.524390 0.697274
0.651677 0.754573 0.500000 0.651677
0.690476 0.656250 0.511905 0.690476
0.750000 0.727679 0.500000 0.773810
0.718750 0.669643 0.500000 0.718750
0.627976 0.569940 0.500000 0.620536
0.687231 0.670014 0.500000 0.694405
0.565280 0.579627 0.500000 0.577475
0.672884 0.640603 0.500000 0.672884
0.685079 0.611908 0.500000 0.685079
0.721664 0.677188 0.512195 0.721664
0.657012 0.554878 0.500000 0.610518
0.718750 0.754464 0.500000 0.718750
0.718750 0.732143 0.500000 0.718750
0.608631 0.622024 0.511905 0.608631
0.694940 0.706845 0.511905 0.694940
0.626255 0.621234 0.500000 0.626255
0.672884 0.728838 0.500000 0.672884
0.687231 0.675036 0.500000 0.719512
0.611908 0.503587 0.500000 0.611908
0.707317 0.648494 0.500000 0.707317
0.610518 0.629573 0.512195 0.610518
0.742560 0.708333 0.500000 0.754464
0.647321 0.620536 0.500000 0.635417
0.761905 0.732143 0.500000 0.738095
0.675595 0.626488 0.449405 0.675595
0.660689 0.682209 0.500000 0.660689
0.606887 0.638451 0.500000 0.606887
0.726686 0.746055 0.512195 0.714491
0.626255 0.606169 0.500000 0.626255
0.697274 0.716643 0.500000 0.697274
0.608232 0.532012 0.500000 0.608232
