0.577273 0.731818 0.554545 0.654545
0.700000 0.754545 0.531818 0.831818
0.559524 0.511905 0.535714 0.761905
0.488095 0.714286 0.702381 0.714286
0.488095 0.452381 0.476190 0.476190
0.428571 0.488095 0.535714 0.404762
0.642857 0.535714 0.571429 0.547619
0.576190 0.652381 0.552381 0.652381
0.452381 0.428571 0.476190 0.428571
0.452381 0.404762 0.528571 0.476190
0.500000 0.477273 0.454545 0.477273
0.554545 0.700000 0.554545 0.554545
0.559524 0.559524 0.476190 0.678571
0.559524 0.642857 0.642857 0.571429
0.464286 0.595238 0.488095 0.511905
0.535714 0.523810 0.488095 0.571429
0.476190 0.476190 0.559524 0.428571
0.652381 0.528571 0.476190 0.652381
0.404762 0.604762 0.580952 0.604762
0.500000 0.504762 0.480952 0.728571
0.554545 0.518182 0.540909 0.518182
0.677273 0.786364 0.786364 0.740909
0.476190 0.464286 0.464286 0.488095
0.619048 0.452381 0.500000 0.559524
0.476190 0.654762 0.642857 0.511905
0.500000 0.428571 0.500000 0.559524
0.428571 0.488095 0.464286 0.440476
0.700000 0.752381 0.576190 0.752381
0.552381 0.652381 0.528571 0.628571
0.552381 0.652381 0.628571 0.628571
0.577273 0.554545 0.600000 0.577273
0.454545 0.609091 0.431818 0.631818
0.785714 0.869048 0.714286 0.845238
0.380952 0.821429 0.821429 0.845238
0.428571 0.404762 0.619048 0.440476
0.571429 0.416667 0.357143 0.607143
0.666667 0.726190 0.726190 0.809524
0.404762 0.728571 0.576190 0.580952
0.476190 0.476190 0.576190 0.452381
0.500000 0.504762 0.604762 0.504762
0.477273 0.454545 0.577273 0.454545
0.654545 0.831818 0.631818 0.709091
0.595238 0.571429 0.511905 0.488095
0.452381 0.714286 0.797619 0.857143
0.476190 0.726190 0.833333 0.726190
0.535714 0.511905 0.404762 0.511905
0.642857 0.702381 0.642857 0.654762
0.500000 0.652381 0.676190 0.576190
0.633333 0.833333 0.757143 0.657143
0.452381 0.528571 0.652381 0.452381
0.531818 0.554545 0.477273 0.577273
0.509091 0.554545 0.454545 0.486364
0.583333 0.535714 0.511905 0.642857
0.595238 0.785714 0.642857 0.511905
0.452381 0.488095 0.511905 0.428571
0.500000 0.595238 0.511905 0.619048
0.583333 0.583333 0.500000 0.583333
0.604762 0.680952 0.557143 0.733333
0.552381 0.700000 0.600000 0.576190
0.500000 0.600000 0.476190 0.676190
0.600000 0.509091 0.386364 0.586364
0.531818 0.454545 0.477273 0.431818
0.476190 0.511905 0.488095 0.452381
0.488095 0.452381 0.535714 0.452381
0.500000 0.416667 0.380952 0.464286
0.654762 0.630952 0.654762 0.630952
0.642857 0.702381 0.619048 0.619048
0.404762 0.480952 0.480952 0.480952
0.500000 0.500000 0.500000 0.600000
0.452381 0.476190 0.428571 0.428571
0.531818 0.631818 0.554545 0.609091
0.500000 0.777273 0.531818 0.677273
0.630952 0.630952 0.702381 0.607143
0.559524 0.476190 0.559524 0.476190
0.583333 0.488095 0.511905 0.464286
0.476190 0.559524 0.559524 0.511905
0.476190 0.488095 0.464286 0.488095
0.480952 0.580952 0.552381 0.504762
0.652381 0.676190 0.528571 0.852381
0.552381 0.604762 0.504762 0.604762
0.531818 0.777273 0.554545 0.754545
0.386364 0.863636 0.840909 0.863636
0.476190 0.488095 0.488095 0.571429
0.595238 0.619048 0.619048 0.619048
0.488095 0.523810 0.595238 0.547619
0.500000 0.428571 0.452381 0.535714
0.619048 0.678571 0.619048 0.619048
0.804762 0.857143 0.880952 0.857143
0.552381 0.500000 0.552381 0.628571
0.600000 0.576190 0.576190 0.528571
0.431818 0.431818 0.531818 0.431818
0.577273 0.454545 0.500000 0.454545
0.702381 0.678571 0.511905 0.607143
0.559524 0.726190 0.702381 0.761905
0.452381 0.511905 0.511905 0.535714
0.761905 0.607143 0.630952 0.630952
0.404762 0.488095 0.404762 0.404762
0.428571 0.552381 0.452381 0.552381
0.500000 0.528571 0.552381 0.600000
0.576190 0.576190 0.652381 0.552381
