0.695906 0.713450 0.713450 0.695906
0.741228 0.666667 0.666667 0.741228
0.637427 0.589181 0.589181 0.637427
0.732456 0.694444 0.694444 0.732456
0.722222 0.766082 0.766082 0.722222
0.694444 0.747076 0.747076 0.694444
0.739766 0.774854 0.774854 0.739766
0.583333 0.581871 0.581871 0.583333
0.706914 0.686275 0.686275 0.706914
0.730650 0.698142 0.698142 0.730650
0.675439 0.637427 0.637427 0.675439
0.758772 0.766082 0.766082 0.758772
0.766082 0.757310 0.757310 0.766082
0.695906 0.628655 0.628655 0.695906
0.675439 0.709064 0.709064 0.675439
0.694444 0.673977 0.673977 0.694444
0.652047 0.659357 0.659357 0.652047
0.706140 0.704678 0.704678 0.706140
0.771414 0.797730 0.797730 0.771414
0.601135 0.609907 0.609907 0.601135
0.675439 0.691520 0.691520 0.675439
0.633041 0.638889 0.638889 0.633041
0.649123 0.621345 0.621345 0.649123
0.776316 0.691520 0.691520 0.776316
0.750000 0.776316 0.776316 0.750000
0.704678 0.730994 0.730994 0.704678
0.751462 0.751462 0.751462 0.751462
0.641813 0.615497 0.615497 0.641813
0.680083 0.671311 0.671311 0.680083
0.656863 0.674407 0.674407 0.656863
0.605263 0.614035 0.614035 0.605263
0.812865 0.828947 0.828947 0.812865
0.694444 0.692982 0.692982 0.694444
0.723684 0.730994 0.730994 0.723684
0.647661 0.611111 0.611111 0.647661
0.706140 0.668129 0.668129 0.706140
0.757310 0.792398 0.792398 0.757310
0.750000 0.692982 0.692982 0.750000
0.683179 0.697626 0.697626 0.683179
0.613003 0.554180 0.554180 0.613003
0.831871 0.820175 0.820175 0.831871
0.678363 0.694444 0.694444 0.678363
0.640351 0.657895 0.657895 0.640351
0.710526 0.700292 0.700292 0.710526
0.732456 0.757310 0.757310 0.732456
0.722222 0.694444 0.694444 0.722222
0.695906 0.739766 0.739766 0.695906
0.748538 0.672515 0.672515 0.748538
0.630547 0.601135 0.601135 0.630547
0.592363 0.530444 0.530444 0.592363
0.767544 0.802632 0.802632 0.767544
0.703216 0.684211 0.684211 0.703216
0.694444 0.692982 0.692982 0.694444
0.640351 0.603801 0.603801 0.640351
0.739766 0.766082 0.766082 0.739766
0.676901 0.666667 0.666667 0.676901
0.703216 0.665205 0.665205 0.703216
0.633041 0.633041 0.633041 0.633041
0.592363 0.547988 0.547988 0.592363
0.877193 0.835913 0.835913 0.877193
0.710526 0.717836 0.717836 0.710526
0.666667 0.684211 0.684211 0.666667
0.668129 0.624269 0.624269 0.668129
0.666667 0.692982 0.692982 0.666667
0.660819 0.669591 0.669591 0.660819
0.776316 0.738304 0.738304 0.776316
0.786550 0.811404 0.811404 0.786550
0.647661 0.647661 0.647661 0.647661
0.674407 0.636223 0.636223 0.674407
0.671827 0.695046 0.695046 0.671827
0.675439 0.647661 0.647661 0.675439
0.739766 0.748538 0.748538 0.739766
0.738304 0.691520 0.691520 0.738304
0.714912 0.714912 0.714912 0.714912
0.741228 0.638889 0.638889 0.741228
0.638889 0.619883 0.619883 0.638889
0.692982 0.663743 0.663743 0.692982
0.650585 0.676901 0.676901 0.650585
0.606811 0.644995 0.644995 0.606811
0.771930 0.745098 0.745098 0.771930
0.722222 0.748538 0.748538 0.722222
0.729532 0.738304 0.738304 0.729532
0.584795 0.659357 0.659357 0.584795
0.694444 0.682749 0.682749 0.694444
0.720760 0.747076 0.747076 0.720760
0.583333 0.555556 0.555556 0.583333
0.641813 0.666667 0.666667 0.641813
0.676901 0.619883 0.619883 0.676901
0.633643 0.639319 0.639319 0.633643
0.792054 0.792054 0.792054 0.792054
0.676901 0.701754 0.701754 0.676901
0.795322 0.786550 0.786550 0.795322
0.711988 0.682749 0.682749 0.711988
0.777778 0.738304 0.738304 0.777778
0.687135 0.685673 0.685673 0.687135
0.640351 0.583333 0.583333 0.640351
0.720760 0.719298 0.719298 0.720760
0.659357 0.630117 0.630117 0.659357
0.674407 0.650671 0.650671 0.674407
0.701238 0.710010 0.710010 0.701238
