0.854497 0.841270 0.753968 0.740741
0.843915 0.854497 0.719577 0.793651
0.865079 0.854497 0.780423 0.798942
0.812169 0.658730 0.658730 0.679894
0.939153 0.740741 0.669312 0.746032
0.825397 0.793651 0.658730 0.645503
0.832418 0.899267 0.756410 0.660256
0.931481 0.770370 0.714815 0.659259
0.788889 0.670370 0.770370 0.671296
0.875926 0.726852 0.671296 0.672222
0.801587 0.801587 0.685185 0.608466
0.783069 0.854497 0.761905 0.690476
0.849206 0.783069 0.793651 0.748677
0.902116 0.849206 0.841270 0.714286
0.822751 0.732804 0.574074 0.640212
0.841270 0.859788 0.791005 0.767196
0.885531 0.799451 0.698718 0.804029
0.733333 0.770370 0.602778 0.615741
0.813889 0.733333 0.758333 0.696296
0.757407 0.808333 0.758333 0.764815
0.817460 0.658730 0.785714 0.785714
0.806878 0.865079 0.687831 0.703704
0.865079 0.886243 0.788360 0.671958
0.783069 0.740741 0.666667 0.743386
0.793651 0.793651 0.756614 0.719577
0.896825 0.825397 0.751323 0.566138
0.818681 0.870879 0.722527 0.737179
0.813889 0.671296 0.590741 0.684259
0.850926 0.832407 0.801852 0.813889
0.887963 0.838889 0.702778 0.671296
0.915344 0.798942 0.724868 0.735450
0.764550 0.732804 0.719577 0.706349
0.714286 0.783069 0.714286 0.664021
0.854497 0.753968 0.642857 0.666667
0.846561 0.862434 0.748677 0.756614
0.806878 0.822751 0.703704 0.719577
0.847070 0.789377 0.741758 0.707875
0.782407 0.820370 0.838889 0.746296
0.887963 0.845370 0.764815 0.783333
0.825926 0.800926 0.764815 0.672222
0.830688 0.812169 0.727513 0.677249
0.764550 0.780423 0.677249 0.669312
0.920635 0.873016 0.743386 0.711640
0.854497 0.724868 0.722222 0.629630
0.751323 0.793651 0.706349 0.674603
0.846561 0.764550 0.843915 0.687831
0.866300 0.870879 0.780220 0.707875
0.857407 0.800926 0.671296 0.702778
0.900926 0.782407 0.671296 0.684259
0.733333 0.788889 0.733333 0.788889
0.846561 0.809524 0.753968 0.724868
0.891534 0.793651 0.669312 0.738095
0.801587 0.751323 0.658730 0.695767
0.841270 0.812169 0.732804 0.690476
0.746032 0.798942 0.677249 0.711640
0.746032 0.835979 0.822751 0.695767
0.808608 0.775641 0.774725 0.717033
0.900000 0.850926 0.720370 0.684259
0.795370 0.782407 0.714815 0.621296
0.937963 0.758333 0.689815 0.596296
0.891534 0.727513 0.621693 0.756614
0.915344 0.915344 0.775132 0.783069
0.838624 0.764550 0.695767 0.653439
0.703704 0.740741 0.714286 0.724868
0.756614 0.775132 0.761905 0.671958
0.873016 0.793651 0.738095 0.738095
0.784799 0.760073 0.770147 0.750916
0.820370 0.732407 0.783333 0.771296
0.788889 0.776852 0.646296 0.671296
0.894444 0.689815 0.702778 0.610185
0.756614 0.833333 0.841270 0.695767
0.873016 0.835979 0.793651 0.798942
0.817460 0.708995 0.695767 0.703704
0.873016 0.835979 0.759259 0.719577
0.854497 0.738095 0.642857 0.690476
0.902116 0.727513 0.732804 0.682540
0.880037 0.793956 0.721612 0.721612
0.770370 0.726852 0.646296 0.603704
0.869444 0.763889 0.664815 0.720370
0.862963 0.863889 0.690741 0.746296
0.791005 0.748677 0.708995 0.634921
0.851852 0.822751 0.780423 0.780423
0.722222 0.687831 0.592593 0.592593
0.769841 0.812169 0.809524 0.780423
0.828042 0.735450 0.716931 0.695767
0.841270 0.806878 0.761905 0.748677
0.961538 0.836996 0.736264 0.731685
0.807407 0.788889 0.640741 0.733333
0.832407 0.807407 0.758333 0.758333
0.819444 0.838889 0.696296 0.702778
0.867725 0.804233 0.674603 0.753968
0.783069 0.825397 0.671958 0.690476
0.859788 0.886243 0.788360 0.708995
0.830688 0.708995 0.624339 0.664021
0.835979 0.677249 0.701058 0.701058
0.817460 0.835979 0.828042 0.730159
0.870879 0.851648 0.746337 0.698718
0.857407 0.838889 0.733333 0.634259
0.832407 0.676852 0.602778 0.652778
0.919444 0.807407 0.776852 0.751852
