0.780952 0.833333 0.833333 0.780952
0.857143 0.759524 0.759524 0.857143
0.928571 0.854762 0.854762 0.928571
0.854762 0.761905 0.738095 0.854762
0.757143 0.735714 0.709524 0.757143
0.830952 0.785714 0.785714 0.830952
0.902381 0.659524 0.659524 0.902381
0.683333 0.661905 0.661905 0.683333
0.833333 0.664286 0.688095 0.833333
0.830952 0.588095 0.588095 0.830952
0.783333 0.735714 0.735714 0.783333
0.926190 0.928571 0.928571 0.926190
0.833333 0.783333 0.759524 0.833333
0.654762 0.638095 0.588095 0.654762
0.833333 0.614286 0.590476 0.833333
0.904762 0.585714 0.585714 0.904762
0.880952 0.857143 0.833333 0.880952
0.833333 0.735714 0.735714 0.833333
0.828571 0.783333 0.807143 0.828571
0.783333 0.738095 0.738095 0.783333
0.857143 0.711905 0.711905 0.857143
0.928571 0.785714 0.809524 0.928571
0.828571 0.638095 0.638095 0.828571
0.711905 0.685714 0.661905 0.711905
0.804762 0.711905 0.711905 0.804762
0.833333 0.659524 0.659524 0.833333
0.852381 0.807143 0.757143 0.852381
0.807143 0.685714 0.785714 0.807143
0.880952 0.807143 0.807143 0.880952
0.780952 0.833333 0.809524 0.780952
0.904762 0.611905 0.564286 0.904762
0.804762 0.759524 0.735714 0.804762
0.780952 0.588095 0.588095 0.780952
0.807143 0.780952 0.780952 0.807143
0.778571 0.880952 0.904762 0.778571
0.902381 0.738095 0.738095 0.902381
0.830952 0.733333 0.733333 0.830952
0.854762 0.711905 0.761905 0.854762
0.904762 0.783333 0.733333 0.904762
0.809524 0.711905 0.761905 0.809524
0.878571 0.685714 0.685714 0.878571
0.876190 0.738095 0.785714 0.876190
0.857143 0.735714 0.735714 0.857143
0.830952 0.757143 0.780952 0.830952
0.809524 0.661905 0.638095 0.809524
0.854762 0.657143 0.757143 0.854762
0.807143 0.785714 0.609524 0.807143
0.735714 0.666667 0.666667 0.735714
0.830952 0.759524 0.759524 0.830952
0.902381 0.807143 0.807143 0.902381
0.878571 0.735714 0.735714 0.878571
0.759524 0.735714 0.759524 0.759524
0.833333 0.735714 0.735714 0.833333
0.830952 0.683333 0.733333 0.830952
0.878571 0.733333 0.709524 0.878571
0.828571 0.757143 0.780952 0.828571
0.857143 0.783333 0.783333 0.857143
0.704762 0.711905 0.711905 0.704762
0.880952 0.738095 0.714286 0.857143
0.904762 0.735714 0.735714 0.904762
0.807143 0.711905 0.709524 0.807143
0.928571 0.833333 0.809524 0.928571
0.776190 0.659524 0.733333 0.776190
0.754762 0.807143 0.830952 0.754762
0.904762 0.833333 0.833333 0.904762
0.804762 0.709524 0.709524 0.804762
0.783333 0.664286 0.664286 0.783333
0.833333 0.688095 0.688095 0.833333
0.783333 0.685714 0.685714 0.783333
0.761905 0.611905 0.711905 0.761905
0.778571 0.807143 0.807143 0.778571
0.807143 0.759524 0.759524 0.807143
0.711905 0.638095 0.638095 0.711905
0.830952 0.688095 0.685714 0.830952
0.902381 0.780952 0.780952 0.902381
0.880952 0.759524 0.759524 0.880952
0.828571 0.685714 0.685714 0.804762
0.783333 0.809524 0.809524 0.783333
0.878571 0.761905 0.761905 0.878571
0.857143 0.688095 0.688095 0.857143
0.833333 0.761905 0.738095 0.833333
0.780952 0.759524 0.759524 0.780952
0.802381 0.661905 0.661905 0.802381
0.828571 0.661905 0.661905 0.828571
0.880952 0.714286 0.714286 0.880952
0.904762 0.754762 0.754762 0.904762
0.826190 0.904762 0.928571 0.826190
0.809524 0.714286 0.738095 0.809524
0.804762 0.735714 0.735714 0.804762
0.807143 0.685714 0.685714 0.807143
0.878571 0.709524 0.733333 0.878571
0.904762 0.661905 0.661905 0.904762
0.759524 0.638095 0.688095 0.759524
0.802381 0.857143 0.857143 0.802381
0.880952 0.635714 0.635714 0.880952
0.830952 0.638095 0.638095 0.830952
0.878571 0.807143 0.807143 0.878571
0.809524 0.761905 0.761905 0.809524
0.830952 0.735714 0.735714 0.830952
0.878571 0.809524 0.809524 0.878571
