0.614583 0.653274 0.688988 0.614583
0.571429 0.751488 0.581845 0.559524
0.660714 0.665179 0.531250 0.648810
0.625000 0.586310 0.528274 0.625000
0.753228 0.640603 0.552367 0.723816
0.548063 0.538020 0.562410 0.577475
0.623386 0.569584 0.613343 0.635581
0.555237 0.598996 0.555237 0.525825
0.401004 0.527977 0.498565 0.401004
0.605183 0.586128 0.692073 0.617378
0.700893 0.645833 0.645833 0.688988
0.626488 0.739583 0.590774 0.626488
0.480655 0.688988 0.636905 0.480655
0.672619 0.691964 0.535714 0.684524
0.567432 0.596844 0.520803 0.567432
0.704448 0.623386 0.552367 0.692253
0.655667 0.621234 0.515782 0.655667
0.586801 0.496413 0.545194 0.586801
0.670014 0.699426 0.604017 0.699426
0.624238 0.673018 0.474848 0.592988
0.648810 0.613095 0.648810 0.625000
0.684524 0.680060 0.544643 0.653274
0.629464 0.595238 0.650298 0.648810
0.641369 0.629464 0.614583 0.641369
0.611191 0.581779 0.508608 0.581779
0.596844 0.628407 0.557389 0.567432
0.628407 0.650646 0.461980 0.628407
0.461980 0.598996 0.481349 0.508608
0.604017 0.664993 0.664993 0.633429
0.618902 0.692073 0.530488 0.618902
0.581845 0.574405 0.488095 0.550595
0.715774 0.787202 0.492560 0.758929
0.543155 0.653274 0.555060 0.543155
0.629464 0.590774 0.610119 0.660714
0.604017 0.530846 0.628407 0.591822
0.657819 0.723816 0.486370 0.645624
0.694405 0.640603 0.481349 0.694405
0.569584 0.618364 0.552367 0.540172
0.532999 0.540172 0.538020 0.520803
0.742378 0.637957 0.660823 0.742378
0.562500 0.586310 0.535714 0.581845
0.531250 0.629464 0.510417 0.500000
0.708333 0.645833 0.569940 0.708333
0.672619 0.813988 0.566964 0.672619
0.538020 0.586801 0.557389 0.550215
0.562410 0.586801 0.532999 0.520803
0.557389 0.716643 0.652798 0.557389
0.728838 0.692253 0.515782 0.687231
0.728838 0.655667 0.664993 0.716643
0.592988 0.567073 0.592988 0.580793
0.586310 0.641369 0.590774 0.586310
0.629464 0.633929 0.680060 0.617560
0.610119 0.711310 0.593750 0.610119
0.605655 0.629464 0.468750 0.605655
0.640603 0.723816 0.645624 0.611191
0.525825 0.513630 0.550215 0.555237
0.645624 0.569584 0.633429 0.616212
0.675036 0.718795 0.645624 0.699426
0.579627 0.628407 0.545194 0.567432
0.648628 0.587652 0.412348 0.617378
0.696429 0.708333 0.708333 0.708333
0.688988 0.782738 0.602679 0.688988
0.610119 0.691964 0.578869 0.598214
0.514881 0.598214 0.523810 0.526786
0.579627 0.652798 0.552367 0.579627
0.530846 0.604017 0.574605 0.548063
0.645624 0.557389 0.645624 0.645624
0.626255 0.633429 0.520803 0.614060
0.586801 0.687231 0.687231 0.586801
0.636433 0.723323 0.679878 0.605183
0.605655 0.622024 0.645833 0.605655
0.543155 0.504464 0.641369 0.531250
0.806548 0.732143 0.531250 0.818452
0.586310 0.511905 0.449405 0.586310
0.552367 0.611191 0.579627 0.569584
0.604017 0.638451 0.628407 0.604017
0.670014 0.601148 0.628407 0.657819
0.638451 0.562410 0.628407 0.596844
0.540172 0.692253 0.574605 0.569584
0.568598 0.662348 0.592988 0.568598
0.613095 0.578869 0.653274 0.625000
0.540179 0.629464 0.610119 0.552083
0.656250 0.629464 0.590774 0.636905
0.622024 0.703869 0.559524 0.610119
0.609039 0.591822 0.520803 0.609039
0.748207 0.694405 0.682209 0.736011
0.645624 0.623386 0.562410 0.604017
0.633429 0.628407 0.408178 0.633429
0.616212 0.692253 0.618364 0.628407
0.506098 0.605183 0.624238 0.525152
0.672619 0.677083 0.528274 0.641369
0.577381 0.593750 0.566964 0.565476
0.732143 0.696429 0.636905 0.732143
0.636905 0.653274 0.602679 0.656250
0.662841 0.611191 0.567432 0.662841
0.584648 0.647776 0.538020 0.584648
0.586801 0.682209 0.532999 0.574605
0.682209 0.635581 0.625538 0.652798
0.581779 0.687231 0.569584 0.581779
0.599848 0.525152 0.525152 0.587652
