0.928571 0.659184 0.542857 0.928571
0.979592 0.579592 0.628571 0.979592
0.889796 0.738776 0.424490 0.889796
0.879592 0.577551 0.342857 0.879592
0.979592 0.718367 0.638776 0.979592
0.879592 0.779592 0.571429 0.879592
0.700000 0.795000 0.530000 0.700000
0.865000 0.835000 0.450000 0.865000
0.980000 0.950000 0.580000 0.980000
0.805000 0.725000 0.540000 0.805000
0.848980 0.828571 0.440816 0.848980
0.800000 0.759184 0.675510 0.800000
0.989796 0.848980 0.542857 0.989796
0.948980 0.689796 0.448980 0.948980
0.889796 0.808163 0.463265 0.889796
0.848980 0.777551 0.346939 0.848980
0.960000 0.860000 0.550000 0.960000
0.875000 0.450000 0.570000 0.875000
0.845000 0.835000 0.490000 0.845000
0.950000 0.575000 0.390000 0.950000
0.889796 0.948980 0.542857 0.889796
0.938776 0.728571 0.342857 0.938776
0.859184 0.677551 0.508163 0.859184
0.779592 0.728571 0.375510 0.779592
0.800000 0.948980 0.528571 0.800000
0.959184 0.628571 0.612245 0.959184
0.865000 0.565000 0.455000 0.865000
0.990000 0.815000 0.375000 0.990000
0.835000 0.680000 0.680000 0.835000
0.970000 0.785000 0.600000 0.970000
0.979592 0.759184 0.665306 0.979592
0.979592 0.838776 0.567347 0.979592
0.769388 0.589796 0.642857 0.769388
0.959184 0.677551 0.602041 0.959184
0.979592 0.697959 0.502041 0.979592
0.759184 0.669388 0.561224 0.759184
0.825000 0.680000 0.450000 0.825000
0.845000 0.690000 0.775000 0.845000
0.855000 0.960000 0.530000 0.855000
0.990000 0.845000 0.490000 0.990000
0.769388 0.838776 0.477551 0.769388
0.959184 0.787755 0.638776 0.959184
0.869388 0.808163 0.597959 0.869388
0.948980 0.618367 0.508163 0.948980
0.789796 0.859184 0.555102 0.789796
0.948980 0.938776 0.497959 0.948980
0.845000 0.930000 0.600000 0.845000
0.855000 0.865000 0.525000 0.855000
0.845000 0.825000 0.550000 0.845000
0.950000 0.680000 0.525000 0.950000
0.879592 0.908163 0.602041 0.879592
0.679592 0.638776 0.538776 0.679592
0.928571 0.838776 0.493878 0.928571
0.979592 0.928571 0.275510 0.979592
0.759184 0.838776 0.408163 0.759184
0.879592 0.728571 0.475510 0.879592
0.990000 0.720000 0.460000 0.990000
0.970000 0.720000 0.505000 0.970000
0.960000 0.670000 0.585000 0.960000
0.960000 0.625000 0.680000 0.960000
0.989796 0.738776 0.426531 0.989796
0.569388 0.759184 0.563265 0.569388
0.969388 0.608163 0.448980 0.969388
0.800000 0.569388 0.614286 0.800000
0.859184 0.838776 0.685714 0.859184
0.969388 0.879592 0.467347 0.969388
0.690000 0.670000 0.605000 0.690000
0.960000 0.825000 0.470000 0.960000
0.990000 0.630000 0.725000 0.990000
0.980000 0.775000 0.545000 0.980000
0.979592 0.869388 0.477551 0.979592
0.848980 0.918367 0.526531 0.848980
0.948980 0.979592 0.693878 0.948980
0.789796 0.608163 0.485714 0.789796
0.848980 0.787755 0.606122 0.848980
0.969388 0.859184 0.473469 0.969388
0.855000 0.970000 0.365000 0.855000
0.835000 0.575000 0.415000 0.835000
0.740000 0.545000 0.490000 0.740000
0.740000 0.440000 0.740000 0.740000
0.989796 0.769388 0.485714 0.989796
0.759184 0.828571 0.281633 0.759184
0.879592 0.769388 0.569388 0.879592
0.859184 0.677551 0.638776 0.859184
0.879592 0.800000 0.604082 0.879592
0.859184 0.428571 0.555102 0.859184
0.950000 0.660000 0.545000 0.950000
0.865000 0.725000 0.465000 0.865000
0.875000 0.940000 0.565000 0.875000
0.855000 0.825000 0.575000 0.855000
0.779592 0.738776 0.479592 0.779592
0.889796 0.659184 0.493878 0.889796
0.789796 0.869388 0.295918 0.789796
0.828571 0.648980 0.581633 0.828571
0.979592 0.708163 0.455102 0.979592
0.969388 0.638776 0.471429 0.969388
0.740000 0.575000 0.595000 0.740000
0.970000 0.845000 0.430000 0.960000
0.960000 0.765000 0.705000 0.960000
0.970000 0.700000 0.610000 0.970000
