0.625000 0.625000 0.500000 0.625000
1.000000 0.714286 0.500000 1.000000
0.857143 0.857143 0.500000 0.857143
0.928571 0.928571 0.357143 0.928571
0.285714 0.214286 0.500000 0.285714
0.678571 0.607143 0.500000 0.678571
0.678571 0.785714 0.500000 0.678571
0.428571 0.607143 0.357143 0.428571
0.428571 0.678571 0.500000 0.428571
0.928571 0.785714 0.285714 0.928571
0.875000 0.812500 0.500000 0.875000
0.607143 0.357143 0.500000 0.607143
0.357143 0.607143 0.500000 0.357143
0.607143 0.607143 0.357143 0.607143
0.750000 0.678571 0.500000 0.750000
0.928571 0.642857 0.500000 0.928571
0.535714 0.785714 0.214286 0.535714
0.928571 0.750000 0.500000 0.928571
0.678571 0.678571 0.500000 0.678571
1.000000 1.000000 0.357143 1.000000
0.375000 0.125000 0.500000 0.375000
0.857143 0.714286 0.500000 0.857143
0.750000 0.750000 0.428571 0.750000
0.750000 0.857143 0.500000 0.750000
0.464286 0.285714 0.500000 0.464286
0.428571 0.357143 0.500000 0.428571
0.928571 0.500000 0.500000 0.928571
0.750000 0.607143 0.142857 0.750000
0.678571 0.607143 0.500000 0.678571
0.750000 0.678571 0.142857 0.750000
1.000000 0.812500 0.500000 1.000000
0.535714 0.535714 0.250000 0.535714
0.464286 0.642857 0.500000 0.464286
0.678571 0.678571 0.500000 0.678571
0.714286 0.678571 0.500000 0.714286
1.000000 0.750000 0.357143 1.000000
0.750000 0.750000 0.428571 0.750000
0.678571 0.535714 0.500000 0.678571
0.678571 0.607143 0.428571 0.678571
0.535714 0.464286 0.500000 0.535714
0.500000 0.500000 0.500000 0.500000
0.750000 0.678571 0.500000 0.750000
0.678571 0.678571 0.250000 0.678571
0.642857 0.642857 0.500000 0.642857
0.678571 0.857143 0.500000 0.678571
0.750000 0.500000 0.500000 0.750000
0.642857 0.714286 0.500000 0.642857
0.535714 0.500000 0.500000 0.535714
0.607143 0.535714 0.500000 0.607143
0.678571 0.464286 0.500000 0.678571
0.625000 0.625000 0.500000 0.625000
0.678571 0.714286 0.500000 0.678571
1.000000 1.000000 0.392857 1.000000
1.000000 1.000000 0.285714 1.000000
0.750000 0.714286 0.500000 0.750000
0.607143 0.535714 0.500000 0.607143
0.500000 0.428571 0.285714 0.500000
0.607143 0.428571 0.428571 0.607143
0.500000 0.500000 0.500000 0.500000
0.607143 0.535714 0.500000 0.607143
0.437500 0.500000 0.500000 0.437500
0.464286 0.500000 0.500000 0.464286
0.607143 0.607143 0.500000 0.607143
0.750000 0.678571 0.500000 0.750000
0.678571 0.428571 0.500000 0.678571
0.714286 0.714286 0.500000 0.714286
0.678571 0.607143 0.500000 0.678571
1.000000 0.857143 0.142857 1.000000
0.428571 0.607143 0.357143 0.428571
0.642857 0.642857 0.500000 0.642857
0.375000 0.250000 0.500000 0.375000
0.678571 0.714286 0.500000 0.678571
0.714286 0.642857 0.500000 0.714286
0.928571 0.857143 0.500000 0.928571
0.928571 0.785714 0.500000 0.928571
0.928571 1.000000 0.500000 0.928571
0.678571 0.678571 0.500000 0.678571
0.464286 0.607143 0.500000 0.464286
0.428571 0.285714 0.500000 0.428571
0.607143 0.607143 0.428571 0.607143
0.875000 0.937500 0.125000 0.875000
0.607143 0.678571 0.428571 0.607143
0.857143 0.857143 0.500000 0.857143
0.678571 0.607143 0.500000 0.678571
0.500000 0.428571 0.357143 0.500000
0.642857 0.642857 0.500000 0.642857
0.428571 0.285714 0.500000 0.428571
0.607143 0.642857 0.500000 0.607143
0.750000 0.750000 0.500000 0.750000
0.678571 0.535714 0.357143 0.678571
1.000000 1.000000 0.500000 1.000000
0.714286 0.714286 0.500000 0.714286
0.928571 0.785714 0.214286 0.928571
0.500000 0.285714 0.500000 0.500000
0.678571 0.678571 0.500000 0.678571
0.357143 0.607143 0.500000 0.357143
0.928571 0.678571 0.285714 0.928571
0.357143 0.678571 0.428571 0.357143
0.428571 0.285714 0.500000 0.428571
0.678571 0.500000 0.500000 0.678571
