0.907280 0.860626 0.860626 0.891114
0.938998 0.891114 0.891114 0.925573
0.930748 0.902079 0.902079 0.920679
0.901183 0.870387 0.870387 0.901183
0.914608 0.887758 0.887758 0.902105
0.913993 0.897211 0.897211 0.909407
0.895393 0.867646 0.867646 0.885939
0.929852 0.890806 0.890806 0.907280
0.919315 0.902133 0.902133 0.899988
0.902411 0.887447 0.887447 0.900285
0.891729 0.837773 0.837773 0.880764
0.942943 0.923420 0.923420 0.935308
0.937461 0.887450 0.887450 0.924650
0.895700 0.873129 0.873129 0.883198
0.929852 0.891088 0.891088 0.909714
0.925881 0.897519 0.897519 0.914889
0.920705 0.898441 0.898441 0.914300
0.910329 0.880738 0.880738 0.891729
0.905823 0.873918 0.873918 0.894160
0.905767 0.895390 0.895390 0.902719
0.916734 0.876485 0.876485 0.895393
0.901798 0.888680 0.888680 0.910329
0.896315 0.872206 0.872206 0.892651
0.900568 0.881660 0.881660 0.903617
0.923139 0.896596 0.896596 0.916119
0.919168 0.889884 0.889884 0.914889
0.908510 0.871002 0.871002 0.890806
0.943866 0.907869 0.907869 0.932286
0.923305 0.916863 0.916863 0.902755
0.901488 0.876174 0.876174 0.895698
0.912455 0.878611 0.878611 0.888988
0.938383 0.914889 0.914889 0.930748
0.923139 0.898134 0.898134 0.915504
0.891140 0.877689 0.877689 0.895085
0.901490 0.894470 0.894470 0.895393
0.916119 0.883198 0.883198 0.907588
0.937768 0.903002 0.903002 0.909407
0.901798 0.879534 0.879534 0.892651
0.932815 0.891400 0.891400 0.923305
0.904844 0.878916 0.878916 0.889600
0.903309 0.860319 0.860319 0.899953
0.908510 0.881353 0.881353 0.898441
0.902720 0.887784 0.887784 0.880764
0.914608 0.895393 0.895393 0.897211
0.925881 0.905743 0.905743 0.916734
0.912763 0.882275 0.882275 0.910022
0.934719 0.895981 0.895981 0.900568
0.905462 0.861215 0.861215 0.895085
0.913488 0.897228 0.897228 0.911343
0.924340 0.894467 0.894467 0.909711
0.936257 0.917042 0.917042 0.914300
0.927418 0.904232 0.904232 0.917657
0.921013 0.883786 0.883786 0.917964
0.922217 0.882556 0.882556 0.903309
0.911867 0.871310 0.871310 0.908203
0.920064 0.883171 0.883171 0.893548
0.895085 0.872514 0.872514 0.887450
0.905462 0.871925 0.871925 0.903335
0.892623 0.881276 0.881276 0.889555
0.923445 0.901488 0.901488 0.923752
0.883198 0.852710 0.852710 0.865520
0.917964 0.901490 0.901490 0.917657
0.914608 0.888988 0.888988 0.909714
0.922832 0.885016 0.885016 0.909099
0.916119 0.899953 0.899953 0.910329
0.923447 0.874051 0.874051 0.913685
0.929852 0.895981 0.895981 0.923139
0.924958 0.899030 0.899030 0.908792
0.867168 0.855198 0.855198 0.861033
0.925878 0.911221 0.911221 0.909711
0.931671 0.914582 0.914582 0.922217
0.884709 0.846920 0.846920 0.879841
0.899979 0.883813 0.883813 0.886554
0.911867 0.892959 0.892959 0.911867
0.928929 0.892318 0.892318 0.915197
0.918860 0.875870 0.875870 0.913685
0.925881 0.906947 0.906947 0.925881
0.922832 0.895393 0.895393 0.908510
0.936190 0.897228 0.897228 0.923613
0.899670 0.858777 0.858777 0.872510
0.910637 0.886220 0.886220 0.910022
0.911867 0.865827 0.865827 0.896623
0.920090 0.875870 0.875870 0.900568
0.916427 0.893548 0.893548 0.905154
0.919475 0.901772 0.901772 0.915504
0.913378 0.880149 0.880149 0.889603
0.891114 0.873129 0.873129 0.887450
0.914915 0.904820 0.904820 0.910944
0.929748 0.900910 0.900910 0.913180
0.916732 0.889293 0.889293 0.903921
0.914300 0.889910 0.889910 0.904847
0.923447 0.884709 0.884709 0.915197
0.916427 0.895059 0.895059 0.903309
0.888680 0.867646 0.867646 0.880149
0.921013 0.906050 0.906050 0.918579
0.938691 0.893240 0.893240 0.925573
0.904847 0.890806 0.890806 0.909407
0.908203 0.876178 0.876178 0.894778
0.931278 0.897535 0.897535 0.918393
0.911557 0.873433 0.873433 0.896313
