0.863636 0.863636 0.863636 0.818182
0.754545 0.754545 0.754545 0.754545
0.613636 0.618182 0.618182 0.572727
0.709091 0.709091 0.663636 0.709091
0.613636 0.568182 0.568182 0.613636
0.754545 0.800000 0.800000 0.800000
0.468182 0.468182 0.518182 0.468182
0.708333 0.708333 0.708333 0.791667
0.732323 0.676768 0.621212 0.676768
0.686869 0.631313 0.631313 0.686869
0.854545 0.804545 0.754545 0.754545
0.659091 0.700000 0.622727 0.654545
0.804545 0.809091 0.809091 0.809091
0.713636 0.713636 0.663636 0.713636
0.713636 0.668182 0.718182 0.668182
0.750000 0.704545 0.704545 0.704545
0.813636 0.768182 0.813636 0.768182
0.666667 0.666667 0.666667 0.666667
0.611111 0.611111 0.611111 0.611111
0.732323 0.732323 0.686869 0.732323
0.709091 0.709091 0.809091 0.709091
0.759091 0.759091 0.709091 0.713636
0.759091 0.668182 0.768182 0.718182
0.759091 0.759091 0.759091 0.759091
0.800000 0.800000 0.800000 0.800000
0.622727 0.622727 0.577273 0.622727
0.663636 0.663636 0.554545 0.613636
0.708333 0.708333 0.708333 0.708333
0.565657 0.565657 0.565657 0.565657
0.742424 0.742424 0.742424 0.742424
0.754545 0.754545 0.772727 0.754545
0.613636 0.613636 0.704545 0.613636
0.709091 0.713636 0.663636 0.713636
0.709091 0.709091 0.659091 0.709091
0.763636 0.763636 0.763636 0.763636
0.659091 0.659091 0.704545 0.709091
0.618182 0.618182 0.618182 0.618182
0.625000 0.625000 0.625000 0.625000
0.732323 0.732323 0.631313 0.732323
0.742424 0.808081 0.696970 0.752525
0.854545 0.854545 0.809091 0.854545
0.650000 0.650000 0.559091 0.650000
0.659091 0.659091 0.654545 0.659091
0.763636 0.763636 0.763636 0.763636
0.763636 0.763636 0.763636 0.763636
0.713636 0.668182 0.668182 0.713636
0.609091 0.609091 0.659091 0.659091
0.680556 0.680556 0.680556 0.680556
0.863636 0.863636 0.772727 0.863636
0.631313 0.676768 0.575758 0.676768
0.663636 0.663636 0.709091 0.663636
0.618182 0.618182 0.663636 0.613636
0.759091 0.709091 0.604545 0.709091
0.704545 0.704545 0.713636 0.704545
0.709091 0.759091 0.754545 0.709091
0.709091 0.709091 0.709091 0.709091
0.568182 0.522727 0.568182 0.522727
0.944444 0.944444 0.819444 0.944444
0.843434 0.843434 0.843434 0.843434
0.621212 0.676768 0.621212 0.621212
0.754545 0.754545 0.750000 0.754545
0.763636 0.763636 0.763636 0.763636
0.654545 0.654545 0.759091 0.654545
0.622727 0.622727 0.577273 0.622727
0.659091 0.659091 0.654545 0.654545
0.809091 0.854545 0.754545 0.804545
0.754545 0.754545 0.754545 0.754545
0.805556 0.847222 0.805556 0.847222
0.631313 0.631313 0.631313 0.676768
0.696970 0.631313 0.585859 0.641414
0.668182 0.668182 0.622727 0.668182
0.700000 0.700000 0.700000 0.700000
0.759091 0.709091 0.704545 0.709091
0.759091 0.759091 0.668182 0.713636
0.854545 0.904545 0.768182 0.904545
0.609091 0.609091 0.609091 0.609091
0.622727 0.622727 0.622727 0.622727
0.750000 0.750000 0.750000 0.750000
0.722222 0.722222 0.666667 0.722222
0.707071 0.707071 0.752525 0.707071
0.904545 0.904545 0.768182 0.636364
0.522727 0.522727 0.518182 0.522727
0.518182 0.518182 0.518182 0.518182
0.804545 0.804545 0.763636 0.804545
0.609091 0.609091 0.609091 0.609091
0.654545 0.654545 0.604545 0.654545
0.659091 0.609091 0.659091 0.609091
0.833333 0.833333 0.722222 0.833333
0.752525 0.696970 0.651515 0.696970
0.762626 0.762626 0.762626 0.762626
0.754545 0.704545 0.709091 0.704545
0.663636 0.663636 0.663636 0.663636
0.668182 0.713636 0.577273 0.759091
0.850000 0.850000 0.850000 0.850000
0.522727 0.477273 0.477273 0.477273
0.809091 0.850000 0.700000 0.850000
0.659091 0.759091 0.659091 0.659091
0.805556 0.750000 0.750000 0.750000
0.843434 0.843434 0.752525 0.843434
0.742424 0.742424 0.742424 0.742424
