0.715352 0.687575 0.634409 0.696834
0.642228 0.637978 0.634791 0.666818
0.699605 0.672890 0.660443 0.690346
0.630844 0.584548 0.609138 0.627656
0.600941 0.572101 0.630540 0.583485
0.673953 0.631603 0.647996 0.663631
0.616576 0.562083 0.593807 0.621585
0.717061 0.668640 0.669702 0.725258
0.663631 0.633728 0.640862 0.635853
0.607013 0.581360 0.588494 0.594566
0.673835 0.641278 0.630824 0.672640
0.697480 0.613388 0.629781 0.663631
0.609138 0.564967 0.608075 0.581360
0.565270 0.562083 0.516849 0.572404
0.658622 0.662568 0.605950 0.655434
0.699605 0.712811 0.718883 0.689284
0.640103 0.594869 0.631906 0.621585
0.577413 0.566029 0.564967 0.592744
0.668640 0.597753 0.656193 0.667577
0.711749 0.692168 0.697177 0.719945
0.674731 0.630824 0.653823 0.657407
0.612325 0.567092 0.599879 0.610200
0.614451 0.588798 0.567092 0.604129
0.710686 0.629478 0.638737 0.710686
0.635094 0.577413 0.646175 0.617638
0.639041 0.612325 0.592744 0.603066
0.671828 0.634791 0.694293 0.652247
0.690346 0.686096 0.701427 0.690346
0.700668 0.658622 0.639041 0.673953
0.604129 0.590619 0.587432 0.619460
0.606631 0.604241 0.586918 0.605436
0.641166 0.579539 0.592744 0.596995
0.666818 0.665756 0.656497 0.656497
0.622647 0.585610 0.594869 0.603066
0.636916 0.652247 0.646934 0.652247
0.647237 0.634791 0.595628 0.622647
0.676078 0.646175 0.662568 0.682149
0.664693 0.557832 0.592744 0.609138
0.697480 0.650121 0.699302 0.703552
0.697480 0.640862 0.645871 0.678962
0.693250 0.672342 0.675627 0.692055
0.718124 0.668640 0.677899 0.732392
0.628719 0.620522 0.635853 0.602004
0.608075 0.588494 0.613084 0.624469
0.672890 0.616272 0.616272 0.642987
0.569217 0.612325 0.578172 0.611263
0.624772 0.593807 0.584548 0.648300
0.620522 0.602004 0.653309 0.603066
0.685337 0.639041 0.655434 0.658622
0.653309 0.614147 0.660443 0.631603
0.649642 0.623059 0.626344 0.639188
0.708865 0.703552 0.729205 0.698543
0.607013 0.546448 0.563904 0.554645
0.661506 0.588494 0.632665 0.618397
0.658622 0.602004 0.599879 0.647237
0.678962 0.630540 0.602763 0.685033
0.715999 0.696418 0.698543 0.696418
0.622647 0.626594 0.634791 0.619460
0.664693 0.619460 0.647996 0.646175
0.659684 0.631906 0.628719 0.666818
0.643668 0.615890 0.593489 0.633214
0.647237 0.626594 0.642987 0.637978
0.639041 0.635853 0.653309 0.662568
0.666818 0.620522 0.664693 0.675015
0.622647 0.542502 0.593807 0.621585
0.687158 0.646934 0.677596 0.711749
0.660747 0.641166 0.692471 0.650425
0.629781 0.602004 0.603066 0.593807
0.668640 0.666515 0.691105 0.681846
0.657559 0.625531 0.614147 0.645112
0.659797 0.641278 0.681601 0.649343
0.673953 0.663631 0.650121 0.655434
0.634032 0.603066 0.636916 0.632969
0.604129 0.622344 0.601700 0.634791
0.629781 0.608075 0.659381 0.620522
0.639041 0.582423 0.623406 0.610200
0.672890 0.653309 0.624469 0.662568
0.684274 0.595932 0.588798 0.666818
0.680024 0.652247 0.651184 0.687158
0.653309 0.617335 0.667577 0.625531
0.637993 0.628734 0.642473 0.628734
0.678962 0.659381 0.657256 0.659381
0.766242 0.693230 0.743473 0.739526
0.576351 0.537189 0.596691 0.566029
0.663631 0.620522 0.619460 0.663631
0.666818 0.605191 0.621585 0.664693
0.658622 0.661506 0.568913 0.654372
0.589860 0.578476 0.585610 0.596995
0.671828 0.719945 0.692168 0.711749
0.640103 0.610200 0.616272 0.631906
0.615890 0.565114 0.607826 0.614695
0.715999 0.631603 0.667577 0.688221
0.656497 0.639041 0.644050 0.631906
0.701730 0.626594 0.616272 0.682149
0.608379 0.615513 0.628719 0.631906
0.663631 0.611263 0.668640 0.645112
0.637978 0.605191 0.600941 0.644050
0.677899 0.623406 0.655131 0.626594
0.627656 0.607013 0.605950 0.645112
0.609138 0.631603 0.638737 0.632665
