0.917088 0.920198 0.925100 0.892104
0.938488 0.922886 0.938488 0.894792
0.903700 0.902804 0.897902 0.847090
0.933112 0.915296 0.899694 0.882300
0.916192 0.917088 0.902382 0.869386
0.928684 0.927788 0.917088 0.882300
0.931794 0.925996 0.926892 0.912608
0.928488 0.919481 0.907791 0.873200
0.955916 0.945119 0.930737 0.897876
0.899668 0.919470 0.915416 0.883069
0.899273 0.893000 0.875606 0.869808
0.949610 0.951402 0.930002 0.922412
0.923782 0.909973 0.908180 0.879612
0.910394 0.905492 0.902804 0.868438
0.951824 0.936222 0.939332 0.897428
0.927788 0.917984 0.909077 0.891208
0.941598 0.902382 0.925100 0.884988
0.949184 0.964930 0.950557 0.924494
0.923054 0.919470 0.916312 0.860960
0.903723 0.893822 0.872228 0.863223
0.924678 0.910394 0.909498 0.891208
0.947818 0.941124 0.920198 0.917932
0.921990 0.913504 0.911712 0.863588
0.909498 0.908602 0.893896 0.860004
0.913082 0.907284 0.888573 0.848883
0.939806 0.946500 0.948714 0.907653
0.930002 0.916192 0.901908 0.875184
0.948706 0.924432 0.932544 0.883039
0.913624 0.911361 0.885713 0.850163
0.899668 0.904619 0.887079 0.877178
0.927788 0.932690 0.918880 0.891682
0.949610 0.938910 0.932690 0.909024
0.927314 0.909498 0.923308 0.913030
0.942916 0.936696 0.922886 0.868912
0.925996 0.915296 0.908602 0.854206
0.923782 0.918880 0.905492 0.895688
0.913082 0.907284 0.894792 0.860004
0.895623 0.880772 0.888884 0.845702
0.932530 0.938376 0.921732 0.887975
0.919000 0.915416 0.922158 0.890237
0.940702 0.946922 0.931794 0.903226
0.931794 0.908180 0.901486 0.877820
0.920198 0.936696 0.920198 0.876502
0.916192 0.922886 0.930898 0.888098
0.900590 0.893896 0.894792 0.858212
0.944708 0.930002 0.913504 0.893896
0.937592 0.921990 0.912608 0.886306
0.904630 0.904630 0.889778 0.874511
0.915416 0.904619 0.915416 0.847049
0.927109 0.919470 0.895614 0.857376
0.937592 0.933586 0.938910 0.902330
0.894371 0.884567 0.884567 0.833281
0.908602 0.909498 0.893896 0.897428
0.896584 0.887677 0.888994 0.876924
0.938910 0.930002 0.919302 0.920620
0.943390 0.941598 0.927788 0.875606
0.958992 0.927788 0.908180 0.885410
0.946023 0.953240 0.948290 0.900574
0.906881 0.904619 0.915416 0.842525
0.918574 0.911832 0.889341 0.861901
0.931373 0.899273 0.911290 0.900116
0.919302 0.915296 0.926892 0.849779
0.927314 0.908128 0.883618 0.874236
0.916192 0.896584 0.902804 0.866224
0.915296 0.908180 0.903700 0.890734
0.926418 0.934008 0.931320 0.891208
0.962998 0.951402 0.945604 0.917510
0.927115 0.932066 0.933855 0.897412
0.905515 0.897876 0.886183 0.846579
0.940168 0.933426 0.929371 0.890708
0.908180 0.911290 0.899273 0.880508
0.971010 0.948714 0.930002 0.872918
0.930898 0.921094 0.926418 0.900116
0.947396 0.931320 0.932216 0.923308
0.881879 0.875184 0.878294 0.855998
0.924204 0.914400 0.911290 0.881404
0.944708 0.943390 0.926892 0.896532
0.930277 0.935227 0.929382 0.903319
0.896510 0.908673 0.882129 0.856480
0.914520 0.913624 0.898772 0.865485
0.912608 0.907706 0.901486 0.887202
0.907706 0.902804 0.895688 0.866698
0.921990 0.913082 0.908602 0.897006
0.941598 0.923308 0.921094 0.883196
0.916192 0.938910 0.909024 0.879138
0.961206 0.947818 0.939806 0.908128
0.948292 0.922886 0.901486 0.897902
0.914531 0.906897 0.906419 0.906003
0.946911 0.933851 0.936114 0.882129
0.869069 0.869069 0.868173 0.824089
0.891682 0.893000 0.869386 0.841292
0.921990 0.926892 0.932690 0.885410
0.917984 0.911290 0.924204 0.861796
0.916192 0.915296 0.907284 0.882722
0.925996 0.912608 0.893896 0.890312
0.933112 0.925996 0.908180 0.883196
0.935800 0.934904 0.919302 0.876081
0.922643 0.910953 0.909580 0.891151
0.951906 0.949643 0.926257 0.903767
0.941960 0.921262 0.921262 0.916782
