0.506410 0.551282 0.532051 0.557692
0.423077 0.467949 0.333333 0.423077
0.561538 0.484615 0.576923 0.430769
0.507692 0.623077 0.500000 0.661538
0.484615 0.453846 0.515385 0.492308
0.507692 0.584615 0.492308 0.584615
0.369231 0.423077 0.500000 0.461538
0.561538 0.307692 0.415385 0.376923
0.569231 0.646154 0.592308 0.376923
0.269231 0.507692 0.500000 0.453846
0.435897 0.628205 0.442308 0.602564
0.391026 0.275641 0.500000 0.275641
0.461538 0.561538 0.492308 0.438462
0.330769 0.307692 0.615385 0.338462
0.392308 0.530769 0.353846 0.376923
0.500000 0.484615 0.461538 0.584615
0.607692 0.515385 0.300000 0.330769
0.392308 0.215385 0.215385 0.415385
0.346154 0.484615 0.476923 0.369231
0.553846 0.569231 0.653846 0.530769
0.384615 0.461538 0.448718 0.384615
0.512821 0.352564 0.493590 0.243590
0.369231 0.530769 0.269231 0.553846
0.330769 0.446154 0.692308 0.469231
0.507692 0.569231 0.376923 0.469231
0.446154 0.392308 0.376923 0.469231
0.461538 0.523077 0.476923 0.415385
0.546154 0.484615 0.630769 0.507692
0.407692 0.392308 0.500000 0.584615
0.369231 0.384615 0.176923 0.446154
0.391026 0.358974 0.532051 0.358974
0.544872 0.384615 0.397436 0.384615
0.076923 0.346154 0.376923 0.307692
0.076923 0.253846 0.215385 0.292308
0.369231 0.469231 0.415385 0.407692
0.415385 0.607692 0.492308 0.438462
0.615385 0.584615 0.492308 0.669231
0.346154 0.346154 0.215385 0.307692
0.384615 0.376923 0.423077 0.376923
0.546154 0.384615 0.438462 0.292308
0.480769 0.435897 0.442308 0.346154
0.551282 0.480769 0.365385 0.391026
0.430769 0.369231 0.515385 0.369231
0.384615 0.369231 0.653846 0.269231
0.430769 0.392308 0.276923 0.407692
0.307692 0.384615 0.353846 0.346154
0.423077 0.484615 0.530769 0.392308
0.215385 0.523077 0.515385 0.315385
0.453846 0.430769 0.530769 0.515385
0.430769 0.469231 0.476923 0.230769
0.467949 0.384615 0.487179 0.391026
0.448718 0.326923 0.371795 0.442308
0.646154 0.453846 0.453846 0.507692
0.446154 0.330769 0.415385 0.569231
0.369231 0.423077 0.415385 0.607692
0.523077 0.453846 0.653846 0.276923
0.507692 0.446154 0.376923 0.407692
0.469231 0.492308 0.492308 0.530769
0.200000 0.230769 0.115385 0.369231
0.423077 0.561538 0.515385 0.369231
0.429487 0.269231 0.237179 0.307692
0.628205 0.589744 0.371795 0.448718
0.630769 0.515385 0.515385 0.407692
0.253846 0.315385 0.338462 0.369231
0.407692 0.415385 0.353846 0.269231
0.392308 0.561538 0.461538 0.492308
0.307692 0.230769 0.569231 0.230769
0.369231 0.546154 0.523077 0.584615
0.292308 0.346154 0.438462 0.392308
0.446154 0.369231 0.500000 0.369231
0.525641 0.320513 0.493590 0.442308
0.512821 0.429487 0.365385 0.346154
0.469231 0.684615 0.500000 0.523077
0.461538 0.276923 0.553846 0.376923
0.446154 0.569231 0.515385 0.353846
0.530769 0.807692 0.553846 0.569231
0.546154 0.584615 0.476923 0.376923
0.215385 0.476923 0.253846 0.630769
0.446154 0.384615 0.453846 0.369231
0.530769 0.369231 0.553846 0.507692
0.307692 0.474359 0.269231 0.397436
0.461538 0.307692 0.608974 0.384615
0.507692 0.469231 0.415385 0.584615
0.515385 0.430769 0.576923 0.469231
0.507692 0.453846 0.461538 0.492308
0.469231 0.423077 0.276923 0.507692
0.430769 0.784615 0.592308 0.576923
0.546154 0.584615 0.653846 0.646154
0.369231 0.453846 0.607692 0.407692
0.392308 0.215385 0.215385 0.215385
0.320513 0.429487 0.365385 0.429487
0.307692 0.352564 0.275641 0.467949
0.392308 0.407692 0.276923 0.484615
0.446154 0.623077 0.500000 0.569231
0.523077 0.561538 0.469231 0.446154
0.507692 0.523077 0.438462 0.407692
0.569231 0.407692 0.430769 0.430769
0.584615 0.523077 0.453846 0.446154
0.192308 0.330769 0.230769 0.269231
0.469231 0.584615 0.615385 0.530769
