0.854545 0.763636 0.786364 0.740909
0.854545 0.909091 0.931818 0.909091
0.714286 0.642857 0.642857 0.726190
0.488095 0.702381 0.571429 0.666667
0.750000 0.726190 0.726190 0.726190
0.738095 0.797619 0.833333 0.845238
0.738095 0.738095 0.797619 0.761905
0.652381 0.904762 0.904762 0.880952
0.480952 0.704762 0.809524 0.880952
0.828571 0.680952 0.880952 0.780952
0.786364 0.795455 0.863636 0.840909
0.609091 0.754545 0.786364 0.731818
0.821429 0.726190 0.726190 0.750000
0.738095 0.773810 0.797619 0.797619
0.773810 0.738095 0.666667 0.690476
0.607143 0.750000 0.726190 0.750000
0.547619 0.821429 0.833333 0.761905
0.604762 0.704762 0.828571 0.728571
0.804762 0.904762 0.904762 0.928571
0.652381 0.761905 0.757143 0.809524
0.809091 0.863636 0.831818 0.909091
0.640909 0.640909 0.818182 0.795455
0.738095 0.714286 0.880952 0.714286
0.595238 0.976190 0.928571 0.976190
0.738095 0.773810 0.773810 0.869048
0.761905 0.738095 0.773810 0.821429
0.559524 0.619048 0.726190 0.702381
0.780952 0.609524 0.733333 0.585714
0.680952 0.728571 0.780952 0.728571
0.804762 0.804762 0.709524 0.757143
0.609091 0.740909 0.718182 0.763636
0.663636 0.663636 0.695455 0.586364
0.428571 0.666667 0.761905 0.666667
0.571429 0.738095 0.880952 0.821429
0.750000 0.797619 0.773810 0.797619
0.845238 0.845238 0.880952 0.785714
0.821429 0.809524 0.797619 0.928571
0.604762 0.633333 0.633333 0.633333
0.833333 0.880952 0.833333 0.928571
0.828571 0.657143 0.657143 0.757143
0.563636 0.595455 0.672727 0.595455
0.531818 0.809091 0.863636 0.731818
0.880952 0.761905 0.761905 0.857143
0.630952 0.797619 0.738095 0.571429
0.571429 0.773810 0.642857 0.797619
0.904762 0.773810 0.797619 0.797619
0.630952 0.785714 0.750000 0.773810
0.680952 0.804762 0.952381 0.785714
0.728571 0.657143 0.633333 0.680952
0.757143 0.809524 0.804762 0.928571
0.631818 0.786364 0.931818 0.731818
0.809091 0.840909 0.909091 0.909091
0.559524 0.773810 0.809524 0.750000
0.702381 0.714286 0.678571 0.714286
0.738095 0.773810 0.726190 0.797619
0.654762 0.714286 0.607143 0.773810
0.690476 0.761905 0.773810 0.821429
0.776190 0.728571 0.657143 0.680952
0.733333 0.785714 0.809524 0.809524
0.857143 0.880952 0.880952 0.857143
0.518182 0.572727 0.472727 0.640909
0.609091 0.631818 0.686364 0.609091
0.952381 0.880952 0.904762 0.928571
0.809524 0.833333 0.833333 0.809524
0.738095 0.880952 0.857143 0.857143
0.785714 0.738095 0.833333 0.904762
0.523810 0.750000 0.642857 0.773810
0.752381 0.828571 0.804762 0.828571
0.680952 0.804762 0.780952 0.685714
0.652381 0.657143 0.852381 0.657143
0.654545 0.609091 0.631818 0.631818
0.586364 0.763636 0.663636 0.763636
0.738095 0.821429 0.845238 0.797619
0.880952 0.761905 0.821429 0.821429
0.630952 0.642857 0.726190 0.726190
0.869048 0.869048 0.833333 0.904762
0.750000 0.785714 0.833333 0.809524
0.804762 0.780952 0.852381 0.780952
0.733333 0.833333 0.809524 0.785714
0.580952 0.709524 0.685714 0.657143
0.754545 0.886364 0.886364 0.863636
0.886364 0.909091 0.931818 0.909091
0.845238 0.845238 0.857143 0.952381
0.761905 0.702381 0.750000 0.654762
0.607143 0.452381 0.476190 0.511905
0.857143 0.761905 0.833333 0.785714
0.678571 0.654762 0.738095 0.678571
0.528571 0.804762 0.533333 0.804762
0.757143 0.904762 0.833333 0.880952
0.528571 0.685714 0.733333 0.709524
0.777273 0.977273 0.909091 0.977273
0.786364 0.795455 0.750000 0.909091
0.630952 0.773810 0.904762 0.750000
0.619048 0.642857 0.607143 0.523810
0.773810 0.678571 0.702381 0.797619
0.809524 0.809524 0.702381 0.750000
0.690476 0.690476 0.666667 0.690476
0.757143 0.733333 0.785714 0.757143
0.528571 0.628571 0.828571 0.752381
0.728571 0.833333 0.733333 0.880952
