0.718750 0.754464 0.680060 0.778274
0.754464 0.708333 0.677083 0.761905
0.660714 0.677083 0.660714 0.641369
0.633929 0.699405 0.684524 0.705357
0.763271 0.751076 0.662841 0.714491
0.582496 0.540890 0.589670 0.523673
0.738881 0.738881 0.562410 0.716643
0.624103 0.523673 0.601865 0.560258
0.692253 0.743902 0.711621 0.709469
0.742378 0.737043 0.717988 0.785823
0.794643 0.735119 0.763393 0.770833
0.802083 0.802083 0.727679 0.790179
0.770833 0.735119 0.660714 0.556548
0.671131 0.694940 0.569940 0.675595
0.601865 0.707317 0.667862 0.660689
0.704448 0.685079 0.633429 0.685079
0.667862 0.697274 0.662841 0.591822
0.609039 0.584648 0.550215 0.670014
0.690100 0.631277 0.645624 0.645624
0.743902 0.724848 0.711128 0.712652
0.750000 0.702381 0.625000 0.726190
0.608631 0.706845 0.691964 0.656250
0.715774 0.706845 0.571429 0.715774
0.766369 0.738095 0.718750 0.750000
0.614060 0.621234 0.670014 0.640603
0.726686 0.743902 0.621234 0.709469
0.694405 0.704448 0.675036 0.670014
0.655667 0.633429 0.591822 0.581779
0.664993 0.680057 0.655667 0.667862
0.737043 0.669207 0.648628 0.707317
0.601190 0.659226 0.644345 0.663690
0.675595 0.620536 0.687500 0.668155
0.711310 0.711310 0.598214 0.660714
0.648810 0.706845 0.691964 0.703869
0.660689 0.660689 0.733859 0.685079
0.748207 0.792683 0.716643 0.765423
0.687231 0.763271 0.675036 0.697274
0.721664 0.650646 0.640603 0.723816
0.719512 0.672884 0.621234 0.682927
0.618902 0.662348 0.587652 0.650152
0.601190 0.694940 0.708333 0.651786
0.608631 0.604167 0.596726 0.636905
0.723214 0.711310 0.641369 0.706845
0.696429 0.718750 0.617560 0.782738
0.655667 0.660689 0.670014 0.709469
0.721664 0.709469 0.604017 0.704448
0.650646 0.643472 0.680057 0.638451
0.714491 0.672884 0.604017 0.721664
0.746055 0.650646 0.621234 0.743902
0.716463 0.716463 0.686738 0.653963
0.723214 0.730655 0.660714 0.691964
0.668155 0.691964 0.613095 0.684524
0.605655 0.750000 0.639881 0.680060
0.703869 0.730655 0.625000 0.742560
0.780488 0.763271 0.758250 0.787661
0.636298 0.672884 0.614060 0.680057
0.567432 0.685079 0.616212 0.626255
0.672884 0.677905 0.616212 0.655667
0.697274 0.721664 0.704448 0.709469
0.599848 0.575457 0.579268 0.673018
0.691964 0.680060 0.617560 0.703869
0.845238 0.797619 0.813988 0.809524
0.622024 0.723214 0.703869 0.607143
0.663690 0.702381 0.723214 0.675595
0.672884 0.719512 0.633429 0.787661
0.624103 0.584648 0.467001 0.584648
0.682209 0.692253 0.562410 0.721664
0.660689 0.665710 0.501435 0.682927
0.714491 0.614060 0.682209 0.614060
0.717988 0.730183 0.669207 0.735518
0.683036 0.671131 0.644345 0.671131
0.687500 0.761905 0.747024 0.641369
0.739583 0.770833 0.653274 0.785714
0.678571 0.627976 0.593750 0.644345
0.702296 0.614060 0.687231 0.726686
0.645624 0.601865 0.574605 0.655667
0.670014 0.687231 0.616212 0.682209
0.756098 0.756098 0.692253 0.765423
0.699426 0.680057 0.728838 0.704448
0.629573 0.655488 0.530488 0.629573
0.691964 0.750000 0.754464 0.718750
0.735119 0.785714 0.708333 0.742560
0.730655 0.718750 0.617560 0.711310
0.742560 0.703869 0.735119 0.766369
0.697274 0.672884 0.638451 0.726686
0.680057 0.650646 0.687231 0.680057
0.662841 0.645624 0.638451 0.657819
0.665710 0.624103 0.496413 0.641320
0.672884 0.799857 0.662841 0.660689
0.669207 0.693598 0.624238 0.705793
0.742560 0.730655 0.708333 0.694940
0.627976 0.604167 0.546131 0.616071
0.758929 0.809524 0.653274 0.747024
0.732143 0.766369 0.629464 0.747024
0.655667 0.667862 0.675036 0.598996
0.655667 0.702296 0.662841 0.672884
0.733859 0.751076 0.733859 0.775466
0.680057 0.667862 0.611191 0.650646
0.645624 0.692253 0.733859 0.621234
0.686738 0.582317 0.551067 0.681402
