0.644043 0.532978 0.532978 0.575061
0.620334 0.540595 0.540595 0.558313
0.604406 0.568213 0.568213 0.562538
0.605075 0.538615 0.538615 0.574531
0.652769 0.533356 0.533356 0.570458
0.636753 0.553332 0.553332 0.571744
0.633752 0.556232 0.556232 0.575325
0.601046 0.539030 0.539030 0.568656
0.634225 0.542810 0.542810 0.579333
0.624233 0.562438 0.562438 0.579155
0.616866 0.547430 0.547430 0.571832
0.628254 0.544681 0.544681 0.568452
0.622654 0.551377 0.551377 0.575313
0.621721 0.580218 0.580218 0.580496
0.630057 0.553698 0.553698 0.563421
0.628266 0.558313 0.558313 0.573711
0.619552 0.548010 0.548010 0.578402
0.622316 0.555853 0.555853 0.555383
0.630607 0.558699 0.558699 0.581071
0.621965 0.537488 0.537488 0.584493
0.618619 0.537795 0.537795 0.578276
0.644560 0.563711 0.563711 0.576763
0.642592 0.543811 0.543811 0.563622
0.609375 0.543003 0.543003 0.575187
0.634698 0.556283 0.556283 0.578453
0.640675 0.549057 0.549057 0.595705
0.590711 0.546081 0.546081 0.566863
0.629962 0.541634 0.541634 0.578237
0.630744 0.556377 0.556377 0.564141
0.608748 0.552295 0.552295 0.541854
0.606815 0.547846 0.547846 0.575426
0.605592 0.573535 0.573535 0.580054
0.629969 0.547064 0.547064 0.585238
0.627447 0.546068 0.546068 0.553193
0.616185 0.559436 0.559436 0.559019
0.621191 0.532082 0.532082 0.571504
0.624546 0.553029 0.553029 0.567065
0.625562 0.548320 0.548320 0.563124
0.632737 0.540091 0.540091 0.575441
0.645309 0.569806 0.569806 0.578746
0.608845 0.555173 0.555173 0.586877
0.637901 0.533823 0.533823 0.580912
0.632087 0.555942 0.555942 0.565527
0.621885 0.511337 0.511337 0.576208
0.632264 0.558906 0.558906 0.574266
0.628582 0.552046 0.552046 0.586877
0.612528 0.545601 0.545601 0.591026
0.642377 0.539268 0.539268 0.571217
0.597372 0.542403 0.542403 0.543731
0.628613 0.538642 0.538642 0.564063
0.626728 0.531313 0.531313 0.571580
0.614243 0.551276 0.551276 0.567683
0.628039 0.547796 0.547796 0.590320
0.614218 0.528198 0.528198 0.567330
0.621280 0.534403 0.534403 0.574241
0.635530 0.557733 0.557733 0.576776
0.629426 0.547052 0.547052 0.580723
0.604350 0.544468 0.544468 0.553524
0.633617 0.550725 0.550725 0.577748
0.642065 0.550118 0.550118 0.589087
0.626274 0.544580 0.544580 0.573598
0.635908 0.561289 0.561289 0.586738
0.634244 0.558439 0.558439 0.561025
0.621923 0.532360 0.532360 0.578592
0.623815 0.527202 0.527202 0.591959
0.611985 0.534680 0.534680 0.562122
0.620826 0.537404 0.537404 0.559082
0.643746 0.572624 0.572624 0.595676
0.638290 0.554425 0.554425 0.572469
0.597566 0.558212 0.558212 0.569245
0.631142 0.542108 0.542108 0.570760
0.624016 0.543546 0.543546 0.582640
0.627774 0.544428 0.544428 0.566952
0.625668 0.549826 0.549826 0.583989
0.626501 0.531275 0.531275 0.572866
0.641218 0.560558 0.560558 0.564682
0.616021 0.563307 0.563307 0.564947
0.607302 0.543807 0.543807 0.570964
0.612855 0.540989 0.540989 0.585020
0.623219 0.556473 0.556473 0.563300
0.629616 0.551919 0.551919 0.567834
0.621028 0.570975 0.570975 0.568503
0.604381 0.553710 0.553710 0.570584
0.616008 0.550633 0.550633 0.568528
0.617471 0.535967 0.535967 0.582072
0.628531 0.550053 0.550053 0.575653
0.622957 0.530304 0.530304 0.569701
0.656042 0.546873 0.546873 0.568051
0.634693 0.538564 0.538564 0.571883
0.631486 0.563828 0.563828 0.577885
0.613423 0.547203 0.547203 0.564253
0.590774 0.525777 0.525777 0.552916
0.627005 0.571403 0.571403 0.564795
0.622780 0.531956 0.531956 0.580092
0.611632 0.552083 0.552083 0.564631
0.627699 0.557746 0.557746 0.563559
0.620485 0.553256 0.553256 0.593863
0.632875 0.537449 0.537449 0.581013
0.631994 0.562161 0.562161 0.572645
0.639932 0.541500 0.541500 0.581522
