0.751323 0.751323 0.746032 0.661376
0.759259 0.759259 0.735450 0.711640
0.730159 0.730159 0.669312 0.650794
0.648148 0.600529 0.629630 0.605820
0.706349 0.730159 0.711640 0.595238
0.523810 0.523810 0.523810 0.505291
0.671245 0.723443 0.704212 0.740842
0.651852 0.645370 0.614815 0.596296
0.775926 0.750926 0.701852 0.633333
0.682407 0.682407 0.633333 0.615741
0.730159 0.711640 0.693122 0.582011
0.727513 0.730159 0.693122 0.645503
0.706349 0.687831 0.687831 0.621693
0.722222 0.703704 0.722222 0.515873
0.552910 0.552910 0.595238 0.497354
0.703704 0.685185 0.708995 0.653439
0.656593 0.656593 0.684982 0.669414
0.620370 0.620370 0.620370 0.583333
0.638889 0.638889 0.613889 0.684259
0.688889 0.713889 0.770370 0.672222
0.656085 0.632275 0.642857 0.595238
0.769841 0.746032 0.727513 0.682540
0.682540 0.677249 0.658730 0.579365
0.716931 0.716931 0.735450 0.679894
0.669312 0.693122 0.613757 0.632275
0.669312 0.687831 0.637566 0.600529
0.765568 0.765568 0.707875 0.707875
0.633333 0.614815 0.596296 0.571296
0.737963 0.737963 0.787963 0.721296
0.595370 0.576852 0.551852 0.514815
0.695767 0.714286 0.666667 0.579365
0.735450 0.706349 0.669312 0.650794
0.637566 0.566138 0.600529 0.582011
0.626984 0.626984 0.645503 0.589947
0.735450 0.753968 0.722222 0.685185
0.626984 0.626984 0.626984 0.566138
0.732601 0.708791 0.732601 0.661172
0.813889 0.776852 0.788889 0.734259
0.601852 0.601852 0.601852 0.616667
0.657407 0.657407 0.638889 0.613889
0.711640 0.711640 0.674603 0.701058
0.764550 0.740741 0.727513 0.743386
0.666667 0.666667 0.600529 0.539683
0.724868 0.687831 0.650794 0.645503
0.566138 0.542328 0.505291 0.468254
0.748677 0.748677 0.748677 0.645503
0.684982 0.661172 0.665751 0.655678
0.763889 0.782407 0.745370 0.701852
0.583333 0.601852 0.571296 0.523148
0.670370 0.688889 0.670370 0.651852
0.727513 0.727513 0.703704 0.650794
0.719577 0.719577 0.730159 0.751323
0.698413 0.650794 0.722222 0.727513
0.693122 0.693122 0.656085 0.576720
0.560847 0.560847 0.494709 0.481481
0.608466 0.619048 0.584656 0.529101
0.760989 0.760989 0.698718 0.679487
0.675926 0.675926 0.595370 0.601852
0.663889 0.663889 0.645370 0.583333
0.709259 0.702778 0.739815 0.647222
0.711640 0.674603 0.637566 0.584656
0.711640 0.735450 0.735450 0.724868
0.621693 0.621693 0.555556 0.560847
0.608466 0.608466 0.608466 0.566138
0.693122 0.669312 0.650794 0.613757
0.746032 0.764550 0.727513 0.695767
0.665751 0.665751 0.661172 0.598901
0.688889 0.738889 0.683333 0.591667
0.738889 0.682407 0.658333 0.647222
0.782407 0.750926 0.763889 0.559259
0.616402 0.616402 0.542328 0.544974
0.788360 0.764550 0.788360 0.693122
0.674603 0.674603 0.674603 0.645503
0.735450 0.735450 0.716931 0.589947
0.603175 0.603175 0.603175 0.566138
0.669312 0.687831 0.679894 0.632275
0.823260 0.823260 0.804029 0.740842
0.576852 0.576852 0.564815 0.622222
0.633333 0.651852 0.633333 0.633333
0.750926 0.738889 0.670370 0.635185
0.701058 0.701058 0.658730 0.584656
0.801587 0.801587 0.764550 0.679894
0.595238 0.595238 0.576720 0.539683
0.735450 0.735450 0.669312 0.674603
0.724868 0.743386 0.767196 0.671958
0.626984 0.626984 0.589947 0.571429
0.688645 0.707875 0.660256 0.612637
0.583333 0.583333 0.533333 0.551852
0.682407 0.645370 0.670370 0.633333
0.763889 0.788889 0.677778 0.635185
0.698413 0.698413 0.661376 0.677249
0.674603 0.674603 0.650794 0.637566
0.735450 0.735450 0.698413 0.589947
0.693122 0.693122 0.656085 0.613757
0.698413 0.698413 0.698413 0.632275
0.793651 0.793651 0.719577 0.661376
0.694139 0.694139 0.665751 0.627289
0.632407 0.632407 0.576852 0.551852
0.520370 0.520370 0.545370 0.495370
0.763889 0.763889 0.745370 0.616667
