0.991803 0.775176 0.775176 0.918352
0.987013 0.750905 0.750905 0.934746
0.983607 0.771570 0.771570 0.932701
0.991803 0.802847 0.802847 0.929465
0.983607 0.756903 0.756903 0.904767
1.000000 0.802847 0.802847 0.940897
0.985224 0.786346 0.786346 0.909728
0.991803 0.776531 0.776531 0.914689
1.000000 0.829163 0.829163 0.936044
1.000000 0.746980 0.746980 0.868637
0.991803 0.762189 0.762189 0.923142
0.991803 0.724931 0.724931 0.908452
0.991803 0.802739 0.802739 0.935936
0.983607 0.757010 0.757010 0.868745
1.000000 0.771570 0.771570 0.924504
0.980263 0.789689 0.789689 0.939280
0.985224 0.750324 0.750324 0.891609
0.991803 0.770060 0.770060 0.931083
0.991803 0.794651 0.794651 0.937662
1.000000 0.768335 0.768335 0.927739
0.991803 0.814456 0.814456 0.931339
0.991803 0.749202 0.749202 0.898552
1.000000 0.801230 0.801230 0.917925
0.983607 0.725518 0.725518 0.911346
0.991803 0.794651 0.794651 0.896570
0.991803 0.725626 0.725626 0.904767
0.975410 0.732312 0.732312 0.885138
1.000000 0.791307 0.791307 0.965487
1.000000 0.774806 0.774806 0.926122
0.980263 0.829163 0.829163 0.942623
0.991803 0.737598 0.737598 0.882478
0.983607 0.798063 0.798063 0.944326
0.991803 0.727243 0.727243 0.924504
0.991803 0.837360 0.837360 0.939280
0.975410 0.748706 0.748706 0.899914
0.991803 0.748814 0.748814 0.924504
0.991803 0.797994 0.797994 0.903149
1.000000 0.792817 0.792817 0.919543
0.986842 0.799504 0.799504 0.934318
1.000000 0.779767 0.779767 0.934318
1.000000 0.742708 0.742708 0.918352
0.975410 0.772089 0.772089 0.946029
1.000000 0.820858 0.820858 0.939280
0.991803 0.735440 0.735440 0.931083
0.986842 0.784728 0.784728 0.898188
0.983607 0.796268 0.796268 0.921160
1.000000 0.770060 0.770060 0.893335
0.991803 0.746980 0.746980 0.893335
1.000000 0.763481 0.763481 0.924504
0.983607 0.807916 0.807916 0.934318
0.991803 0.756014 0.756014 0.916649
1.000000 0.750905 0.750905 0.942942
0.991803 0.769953 0.769953 0.903149
0.985224 0.791307 0.791307 0.931083
1.000000 0.822584 0.822584 0.955673
0.991803 0.797994 0.797994 0.911346
0.991803 0.774914 0.774914 0.901531
0.991803 0.779875 0.779875 0.922886
0.991803 0.712575 0.712575 0.871980
0.983607 0.807701 0.807701 0.927739
1.000000 0.787098 0.787098 0.962423
0.983607 0.817543 0.817543 0.947733
0.991803 0.732312 0.732312 0.871980
0.991803 0.815897 0.815897 0.935936
0.980263 0.768443 0.768443 0.888374
0.983607 0.792925 0.792925 0.932701
1.000000 0.804465 0.804465 0.955673
0.991803 0.796268 0.796268 0.937662
1.000000 0.748598 0.748598 0.909728
0.983607 0.699525 0.699525 0.862166
0.983607 0.763572 0.763572 0.918352
1.000000 0.793272 0.793272 0.934746
0.980263 0.748598 0.748598 0.950820
0.978645 0.797886 0.797886 0.911346
0.991803 0.842213 0.842213 0.921160
1.000000 0.804357 0.804357 0.932701
1.000000 0.750216 0.750216 0.924504
0.991803 0.773512 0.773512 0.886756
0.991803 0.763481 0.763481 0.916307
0.983607 0.743637 0.743637 0.894953
1.000000 0.858207 0.858207 0.939536
0.980519 0.696934 0.696934 0.892059
1.000000 0.774806 0.774806 0.883412
0.991803 0.752049 0.752049 0.926122
0.975410 0.760030 0.760030 0.888374
0.991803 0.807808 0.807808 0.937662
0.991803 0.751941 0.751941 0.894953
0.970449 0.784728 0.784728 0.940897
1.000000 0.809426 0.809426 0.957291
1.000000 0.776531 0.776531 0.922886
0.978816 0.803172 0.803172 0.947733
0.991803 0.796679 0.796679 0.916649
0.972066 0.799612 0.799612 0.922886
0.991803 0.745470 0.745470 0.901531
0.991803 0.776531 0.776531 0.924504
0.991803 0.748598 0.748598 0.926122
0.991803 0.770060 0.770060 0.919543
1.000000 0.784728 0.784728 0.911346
1.000000 0.802847 0.802847 0.896570
0.983607 0.732097 0.732097 0.939280
