0.778674 0.645759 0.614695 0.700119
0.754857 0.615513 0.631906 0.737401
0.777322 0.674712 0.647237 0.681846
0.721767 0.612325 0.596995 0.670765
0.721767 0.568154 0.584548 0.644809
0.671828 0.632665 0.640103 0.702489
0.792653 0.584548 0.574529 0.678962
0.783698 0.637978 0.611263 0.673649
0.737401 0.576351 0.585610 0.692168
0.741348 0.631603 0.624469 0.674712
0.756571 0.624253 0.568698 0.681601
0.718883 0.598057 0.629781 0.734214
0.796903 0.547207 0.610200 0.649059
0.748786 0.540376 0.529296 0.632665
0.732392 0.635853 0.667881 0.677899
0.777322 0.711749 0.702793 0.781573
0.806163 0.568913 0.621585 0.674712
0.666515 0.575288 0.586673 0.639800
0.737401 0.587432 0.585610 0.635549
0.748482 0.651184 0.658318 0.705373
0.793309 0.628435 0.633214 0.640980
0.734214 0.565270 0.564208 0.671828
0.697480 0.495902 0.552823 0.636916
0.747723 0.579235 0.588494 0.742410
0.708865 0.611263 0.624772 0.661506
0.781573 0.599879 0.547511 0.652247
0.755920 0.616272 0.651184 0.699302
0.709320 0.698543 0.689284 0.758804
0.735276 0.634032 0.583789 0.729205
0.780206 0.584548 0.593807 0.646934
0.773895 0.635305 0.650538 0.696535
0.677899 0.576351 0.599120 0.719945
0.757741 0.598057 0.622647 0.663327
0.743473 0.606254 0.569217 0.650121
0.775501 0.596691 0.656497 0.653005
0.691864 0.621281 0.613084 0.618094
0.799029 0.600941 0.589860 0.684274
0.736339 0.571038 0.550395 0.662568
0.736339 0.698543 0.677899 0.694293
0.717517 0.644050 0.602004 0.685033
0.777479 0.659797 0.669056 0.756571
0.734214 0.676078 0.684274 0.717820
0.664693 0.596995 0.570279 0.667577
0.780510 0.554341 0.661506 0.672587
0.781269 0.599879 0.603066 0.668640
0.755920 0.554645 0.524742 0.675774
0.774135 0.584548 0.563145 0.646934
0.681846 0.567092 0.528233 0.665452
0.706436 0.609441 0.610504 0.672890
0.724954 0.645871 0.636916 0.636612
0.750896 0.596476 0.603345 0.701314
0.778385 0.614147 0.636916 0.712811
0.734214 0.556770 0.555707 0.638737
0.756982 0.569217 0.591682 0.647996
0.773072 0.637978 0.630844 0.694293
0.730267 0.653005 0.643746 0.707498
0.724954 0.646934 0.681087 0.638737
0.695355 0.588798 0.589860 0.685033
0.786582 0.586673 0.604129 0.679721
0.722070 0.594869 0.574529 0.644050
0.738053 0.644564 0.636798 0.709080
0.720704 0.632665 0.621585 0.603825
0.761991 0.593807 0.602004 0.701427
0.712811 0.678962 0.613388 0.696418
0.779447 0.547511 0.586673 0.661202
0.799029 0.695355 0.664390 0.757741
0.802975 0.580601 0.572404 0.660443
0.637675 0.569217 0.558895 0.581360
0.722070 0.650121 0.662568 0.704614
0.773376 0.632665 0.612325 0.699605
0.748507 0.612306 0.670251 0.674731
0.721008 0.571342 0.582726 0.667577
0.626290 0.599879 0.537492 0.630844
0.722070 0.549029 0.620522 0.649059
0.731026 0.613388 0.623710 0.664390
0.779447 0.671828 0.613388 0.719945
0.703248 0.630540 0.608075 0.658318
0.759107 0.603066 0.598057 0.661506
0.835003 0.661506 0.662568 0.729205
0.707498 0.596691 0.599879 0.699302
0.706989 0.600956 0.586022 0.671147
0.707498 0.622344 0.668640 0.718883
0.786582 0.685033 0.681087 0.761991
0.804038 0.599879 0.569217 0.680783
0.778385 0.591682 0.569217 0.636612
0.800091 0.521858 0.511536 0.669702
0.691409 0.582726 0.607316 0.704614
0.677899 0.545689 0.563145 0.607013
0.760929 0.676837 0.656497 0.718883
0.730267 0.608075 0.655434 0.657256
0.651732 0.567503 0.594086 0.590203
0.728142 0.672890 0.627656 0.744536
0.738464 0.634791 0.606254 0.673953
0.775197 0.614451 0.605191 0.625531
0.797966 0.596995 0.598057 0.726017
0.734214 0.641925 0.656497 0.687158
0.710686 0.595932 0.575288 0.660443
0.744232 0.664390 0.672890 0.741348
0.732089 0.563904 0.599879 0.687917
0.738464 0.573163 0.640103 0.628719
