0.927261 0.848145 0.791271 0.661238
0.931162 0.836232 0.795225 0.651486
0.890576 0.815992 0.785368 0.642895
0.898166 0.830698 0.781309 0.671938
0.892368 0.795962 0.753742 0.659814
0.914347 0.841767 0.800654 0.699136
0.918301 0.878874 0.821157 0.713209
0.908872 0.846614 0.766760 0.658531
0.938039 0.867543 0.821418 0.703609
0.906500 0.813691 0.791715 0.649109
0.868438 0.818206 0.784630 0.659604
0.933428 0.846669 0.790744 0.673941
0.916509 0.863325 0.827430 0.675575
0.891999 0.811881 0.828642 0.674468
0.890101 0.840976 0.817046 0.695288
0.906283 0.838341 0.785421 0.650748
0.903964 0.823898 0.751160 0.662081
0.934519 0.860926 0.819905 0.666873
0.924084 0.860330 0.751260 0.673817
0.903811 0.815865 0.782711 0.684863
0.915665 0.867752 0.830013 0.671358
0.927156 0.863219 0.803816 0.689753
0.914716 0.842241 0.788952 0.675100
0.884409 0.806557 0.744887 0.654122
0.907601 0.817257 0.771980 0.662081
0.931636 0.846511 0.818838 0.655387
0.915138 0.854839 0.772032 0.660289
0.915611 0.838148 0.802724 0.684116
0.913712 0.812955 0.835330 0.676798
0.906074 0.828924 0.767948 0.652046
0.904491 0.849041 0.793485 0.674942
0.949030 0.873023 0.821526 0.688067
0.923150 0.849515 0.818417 0.677841
0.924046 0.847143 0.806715 0.683270
0.890207 0.815465 0.771136 0.648640
0.901381 0.853521 0.817152 0.672886
0.884830 0.811881 0.778305 0.673730
0.907915 0.812607 0.767176 0.651668
0.914227 0.826617 0.781007 0.670278
0.907910 0.850474 0.790305 0.653927
0.901328 0.852994 0.808244 0.666350
0.931636 0.839184 0.769397 0.681689
0.897691 0.838868 0.792958 0.657443
0.917405 0.834282 0.796226 0.662503
0.906705 0.815518 0.790744 0.703405
0.922781 0.857527 0.788425 0.667194
0.927683 0.821790 0.817046 0.699241
0.893542 0.824067 0.774394 0.641660
0.933940 0.828880 0.788087 0.675609
0.926302 0.842746 0.797944 0.643848
0.913346 0.839237 0.785842 0.696764
0.908444 0.804291 0.751581 0.633882
0.897744 0.815570 0.809509 0.698450
0.893264 0.816888 0.797491 0.638889
0.905281 0.838183 0.782785 0.664875
0.917879 0.848461 0.816624 0.681373
0.932532 0.838183 0.805503 0.672096
0.948414 0.881206 0.805531 0.676774
0.900227 0.849533 0.785825 0.647095
0.902489 0.826999 0.796710 0.661521
0.924573 0.858318 0.778779 0.677367
0.893791 0.819945 0.784103 0.686643
0.904385 0.853416 0.826903 0.685326
0.890628 0.806768 0.762176 0.643316
0.916509 0.830223 0.813146 0.696237
0.919144 0.850306 0.805872 0.687012
0.938805 0.871231 0.794328 0.667615
0.934041 0.843329 0.802184 0.672240
0.879955 0.811766 0.749512 0.627045
0.913757 0.843128 0.801998 0.721823
0.909867 0.824584 0.809140 0.663399
0.930266 0.854206 0.794750 0.674678
0.913820 0.836443 0.797438 0.649167
0.920040 0.849410 0.779148 0.708360
0.884409 0.796964 0.745731 0.646268
0.925469 0.865644 0.788109 0.660763
0.938752 0.866277 0.811670 0.659077
0.905710 0.841664 0.768549 0.695266
0.902915 0.836900 0.800250 0.670437
0.907440 0.823503 0.776438 0.676035
0.894213 0.833860 0.804976 0.636675
0.904016 0.817310 0.786317 0.668933
0.899114 0.816361 0.762281 0.627293
0.929897 0.868174 0.810826 0.709625
0.929844 0.835494 0.782732 0.682532
0.918722 0.858370 0.821263 0.686854
0.934799 0.870335 0.812197 0.711153
0.903505 0.835757 0.796401 0.683452
0.942049 0.844494 0.789027 0.672025
0.903385 0.799425 0.777760 0.659685
0.901328 0.810774 0.792536 0.617067
0.914295 0.835178 0.795646 0.653700
0.919197 0.848514 0.796173 0.683744
0.923150 0.827324 0.794856 0.673255
0.921885 0.829380 0.815834 0.663451
0.900380 0.851202 0.826059 0.685115
0.917826 0.842663 0.795752 0.689964
0.890381 0.814937 0.776245 0.680228
0.917385 0.851884 0.736497 0.639723
0.928138 0.872068 0.820948 0.707016
