0.937663 0.908942 0.908942 0.914732
0.960235 0.928824 0.928824 0.946194
0.941301 0.914758 0.914758 0.940659
0.932822 0.899848 0.899848 0.908072
0.941994 0.908405 0.908405 0.936433
0.951088 0.913220 0.913220 0.927594
0.923957 0.900155 0.900155 0.912324
0.941327 0.913273 0.913273 0.937944
0.953958 0.912228 0.912228 0.932785
0.945009 0.903780 0.903780 0.922996
0.928209 0.898618 0.898618 0.926057
0.950447 0.930309 0.930309 0.938226
0.955982 0.915092 0.915092 0.939482
0.921549 0.896491 0.896491 0.905023
0.935844 0.908327 0.908327 0.908582
0.946809 0.911402 0.911402 0.934254
0.956290 0.914784 0.914784 0.941916
0.947451 0.901412 0.901412 0.936126
0.946285 0.913150 0.913150 0.935553
0.937709 0.907165 0.907165 0.913570
0.948988 0.919063 0.919063 0.932181
0.954137 0.897414 0.897414 0.931821
0.925776 0.918140 0.918140 0.917192
0.916295 0.886089 0.886089 0.905585
0.952345 0.910839 0.910839 0.937663
0.937356 0.912324 0.912324 0.927849
0.946528 0.896851 0.896851 0.932822
0.963898 0.937611 0.937611 0.954392
0.952428 0.912228 0.912228 0.925113
0.929430 0.901962 0.901962 0.915976
0.941942 0.901667 0.901667 0.910532
0.961131 0.940686 0.940686 0.950113
0.951985 0.904742 0.904742 0.941608
0.934948 0.901385 0.901385 0.913580
0.930977 0.889164 0.889164 0.921163
0.927647 0.906227 0.906227 0.927902
0.956290 0.930617 0.930617 0.957160
0.937356 0.889164 0.889164 0.914732
0.957940 0.929095 0.929095 0.938905
0.920591 0.891893 0.891893 0.901655
0.922727 0.888830 0.888830 0.908687
0.937356 0.914477 0.914477 0.920240
0.951730 0.932181 0.932181 0.939534
0.956878 0.912043 0.912043 0.935177
0.945298 0.924853 0.924853 0.930617
0.939227 0.909890 0.909890 0.933384
0.957775 0.906508 0.906508 0.934562
0.937101 0.898618 0.898618 0.921470
0.938305 0.906393 0.906393 0.931240
0.938604 0.910522 0.910522 0.931248
0.955982 0.936152 0.936152 0.950166
0.945913 0.918422 0.918422 0.933103
0.943453 0.905304 0.905304 0.917552
0.941661 0.904663 0.904663 0.928157
0.936486 0.890983 0.890983 0.931232
0.937611 0.914143 0.914143 0.929668
0.927032 0.897695 0.897695 0.916295
0.937997 0.908405 0.908405 0.926057
0.941073 0.905793 0.905793 0.922960
0.959974 0.916311 0.916311 0.935220
0.926109 0.882170 0.882170 0.907764
0.952011 0.930951 0.930951 0.945272
0.953188 0.923342 0.923342 0.927876
0.945913 0.903178 0.903178 0.925723
0.935537 0.909583 0.909583 0.923263
0.944121 0.909890 0.909890 0.923930
0.945939 0.919933 0.919933 0.943734
0.953830 0.920882 0.920882 0.947372
0.925420 0.872343 0.872343 0.907008
0.942268 0.931527 0.931527 0.936394
0.946194 0.921189 0.921189 0.932409
0.942891 0.886423 0.886423 0.908968
0.940431 0.901693 0.901693 0.923342
0.933103 0.896184 0.896184 0.928236
0.948654 0.913528 0.913528 0.930002
0.948066 0.919652 0.919652 0.937944
0.941634 0.923008 0.923008 0.940404
0.945298 0.924545 0.924545 0.933358
0.957333 0.937383 0.937383 0.945363
0.923947 0.876929 0.876929 0.910437
0.933411 0.904663 0.904663 0.917780
0.940097 0.888856 0.888856 0.918448
0.943761 0.909890 0.909890 0.926979
0.951396 0.924879 0.924879 0.948347
0.949269 0.920855 0.920855 0.937303
0.941046 0.917552 0.917552 0.935792
0.924853 0.878454 0.878454 0.907430
0.943787 0.910813 0.910813 0.935203
0.959178 0.934930 0.934930 0.943817
0.934632 0.902326 0.902326 0.916591
0.937382 0.902589 0.902589 0.912939
0.945632 0.909969 0.909969 0.936714
0.949858 0.909275 0.909275 0.933051
0.917578 0.886730 0.886730 0.908660
0.962721 0.912069 0.912069 0.941327
0.942864 0.920829 0.920829 0.942786
0.940738 0.907430 0.907430 0.923623
0.945632 0.910532 0.910532 0.925494
0.945363 0.917133 0.917133 0.933693
0.938296 0.898634 0.898634 0.919332
