0.870370 0.870370 0.902116 0.854497
0.910053 0.854497 0.859788 0.896825
0.907407 0.883598 0.719577 0.648148
0.780423 0.798942 0.878307 0.785714
0.915344 0.830688 0.891534 0.783069
0.883598 0.793651 0.812169 0.806878
0.942308 0.875458 0.894689 0.894689
0.956481 0.912963 0.881481 0.850926
0.850926 0.900926 0.794444 0.831481
0.937963 0.869444 0.825926 0.825926
0.925926 0.878307 0.793651 0.835979
0.804233 0.780423 0.841270 0.769841
0.920635 0.878307 0.878307 0.835979
0.920635 0.920635 0.825397 0.873016
0.920635 0.873016 0.854497 0.806878
0.944444 0.939153 0.944444 0.873016
0.890110 0.842491 0.866300 0.823260
0.882407 0.826852 0.813889 0.713889
0.857407 0.912963 0.894444 0.807407
0.919444 0.875926 0.813889 0.758333
0.846561 0.846561 0.846561 0.761905
0.888889 0.841270 0.902116 0.873016
0.896825 0.859788 0.902116 0.883598
0.920635 0.878307 0.777778 0.759259
0.902116 0.878307 0.841270 0.835979
0.939153 0.891534 0.854497 0.817460
0.913919 0.918498 0.842491 0.870879
0.851852 0.808333 0.739815 0.739815
0.937963 0.956481 0.931481 0.925000
0.937963 0.894444 0.875926 0.825926
0.883598 0.846561 0.812169 0.806878
0.957672 0.896825 0.825397 0.873016
0.822751 0.817460 0.883598 0.849206
0.915344 0.891534 0.740741 0.772487
0.939153 0.962963 0.891534 0.788360
0.883598 0.896825 0.896825 0.902116
0.880037 0.836996 0.827839 0.832418
0.900926 0.925926 0.888889 0.875926
0.937963 0.919444 0.882407 0.907407
0.919444 0.832407 0.862963 0.838889
0.902116 0.920635 0.915344 0.878307
0.883598 0.830688 0.867725 0.849206
0.902116 0.835979 0.793651 0.788360
0.883598 0.902116 0.873016 0.867725
0.902116 0.841270 0.925926 0.835979
0.944444 0.920635 0.835979 0.817460
0.894689 0.823260 0.861722 0.784799
0.925926 0.907407 0.857407 0.795370
0.832407 0.857407 0.857407 0.845370
0.857407 0.857407 0.882407 0.857407
0.883598 0.888889 0.962963 0.896825
0.902116 0.835979 0.896825 0.812169
0.902116 0.859788 0.775132 0.830688
0.944444 0.859788 0.830688 0.788360
0.878307 0.915344 0.825397 0.835979
0.846561 0.865079 0.738095 0.798942
0.856227 0.918498 0.813187 0.789377
0.931481 0.906481 0.956481 0.857407
0.845370 0.808333 0.819444 0.825926
0.981481 0.919444 0.832407 0.788889
0.915344 0.849206 0.867725 0.783069
0.883598 0.822751 0.944444 0.891534
0.883598 0.883598 0.843915 0.862434
0.865079 0.793651 0.753968 0.669312
0.859788 0.841270 0.804233 0.809524
0.907407 0.888889 0.859788 0.817460
0.918498 0.894689 0.827839 0.832418
0.919444 0.894444 0.857407 0.788889
0.875926 0.912963 0.863889 0.925926
0.981481 0.944444 0.925926 0.907407
0.902116 0.883598 0.883598 0.851852
0.859788 0.835979 0.915344 0.915344
0.888889 0.883598 0.793651 0.788360
0.891534 0.891534 0.873016 0.859788
0.920635 0.915344 0.830688 0.878307
0.883598 0.920635 0.904762 0.843915
0.884615 0.846154 0.793956 0.741758
0.801852 0.751852 0.738889 0.676852
0.937963 0.863889 0.857407 0.795370
0.944444 0.944444 0.900926 0.894444
0.886243 0.928571 0.820106 0.759259
0.902116 0.793651 0.854497 0.764550
0.865079 0.806878 0.835979 0.873016
0.896825 0.896825 0.867725 0.825397
0.925926 0.944444 0.841270 0.859788
0.920635 0.806878 0.862434 0.783069
0.956960 0.937729 0.942308 0.899267
0.907407 0.925926 0.894444 0.894444
0.919444 0.875926 0.776852 0.751852
0.808333 0.789815 0.826852 0.801852
0.835979 0.830688 0.854497 0.788360
0.841270 0.902116 0.780423 0.761905
0.920635 0.896825 0.896825 0.873016
0.896825 0.878307 0.896825 0.817460
0.865079 0.775132 0.801587 0.806878
0.944444 0.854497 0.780423 0.780423
0.923077 0.836996 0.851648 0.847070
0.882407 0.907407 0.888889 0.882407
0.763889 0.763889 0.750926 0.695370
0.900926 0.900926 0.944444 0.912963
