0.625000 0.625000 0.775000 0.625000
0.875000 0.875000 0.775000 0.875000
0.900000 0.775000 0.775000 0.900000
0.875000 0.875000 0.875000 0.875000
0.900000 0.900000 0.775000 0.900000
0.900000 0.900000 1.000000 0.900000
0.875000 0.775000 0.775000 0.875000
0.900000 0.900000 0.775000 0.900000
0.900000 0.900000 0.775000 0.900000
0.900000 0.750000 0.750000 0.900000
0.875000 0.800000 0.800000 0.875000
1.000000 1.000000 0.800000 1.000000
0.900000 0.900000 0.875000 0.900000
0.800000 0.800000 0.575000 0.800000
0.900000 0.800000 0.550000 0.900000
0.525000 0.525000 0.525000 0.525000
1.000000 0.900000 0.800000 1.000000
0.900000 0.800000 0.800000 0.900000
0.900000 0.900000 0.800000 0.900000
1.000000 1.000000 0.875000 1.000000
1.000000 1.000000 0.900000 1.000000
0.875000 0.750000 0.775000 0.875000
0.800000 0.700000 0.900000 0.800000
1.000000 0.750000 0.650000 1.000000
0.875000 0.750000 0.625000 0.875000
0.800000 0.800000 0.800000 0.800000
0.900000 0.750000 0.750000 0.900000
0.900000 0.900000 1.000000 0.900000
0.900000 0.750000 0.750000 0.900000
0.900000 0.900000 0.900000 0.900000
0.875000 0.875000 0.675000 0.875000
1.000000 0.875000 0.875000 1.000000
0.900000 0.900000 0.775000 0.900000
0.900000 0.800000 0.875000 0.900000
0.800000 0.900000 0.900000 0.800000
0.900000 0.775000 0.875000 0.900000
0.900000 0.900000 0.875000 0.900000
1.000000 0.875000 0.875000 1.000000
0.875000 0.625000 0.625000 0.875000
0.700000 0.600000 0.675000 0.700000
0.875000 0.800000 0.800000 0.875000
0.750000 0.625000 0.875000 0.750000
0.875000 0.875000 0.750000 0.875000
1.000000 0.900000 0.750000 1.000000
0.900000 0.650000 0.650000 0.900000
0.900000 0.900000 0.650000 0.900000
0.775000 0.750000 0.750000 0.775000
0.900000 0.800000 0.800000 0.900000
0.900000 1.000000 1.000000 0.900000
0.900000 0.900000 0.900000 0.900000
0.900000 0.800000 0.800000 0.900000
0.775000 0.775000 0.800000 0.775000
0.700000 0.700000 0.800000 0.700000
1.000000 1.000000 0.750000 1.000000
0.900000 0.800000 0.650000 0.900000
0.900000 0.800000 0.875000 0.900000
0.900000 0.900000 0.900000 0.900000
0.775000 0.800000 0.550000 0.775000
0.900000 0.900000 0.900000 0.900000
1.000000 1.000000 0.875000 1.000000
1.000000 0.800000 0.700000 1.000000
0.875000 0.875000 0.875000 0.875000
1.000000 0.900000 0.900000 1.000000
0.675000 0.550000 0.650000 0.675000
0.800000 0.800000 0.875000 0.800000
0.775000 0.650000 0.750000 0.775000
0.900000 0.800000 0.675000 0.900000
0.900000 0.900000 0.875000 0.900000
0.775000 0.650000 0.675000 0.775000
1.000000 1.000000 1.000000 1.000000
1.000000 0.800000 0.800000 1.000000
0.750000 0.750000 0.650000 0.750000
0.675000 0.675000 0.675000 0.675000
1.000000 0.900000 0.775000 1.000000
0.900000 0.750000 0.750000 0.900000
0.900000 0.900000 1.000000 0.900000
0.900000 0.900000 0.900000 0.900000
0.675000 0.775000 0.875000 0.675000
1.000000 0.800000 0.775000 1.000000
0.900000 0.900000 0.875000 0.900000
0.875000 0.875000 1.000000 0.875000
0.875000 0.875000 0.775000 0.875000
0.700000 0.675000 0.675000 0.700000
1.000000 0.900000 0.650000 1.000000
0.900000 0.800000 0.800000 0.900000
0.900000 0.900000 0.650000 0.900000
0.900000 1.000000 0.700000 0.900000
1.000000 0.875000 0.750000 1.000000
0.675000 0.675000 0.650000 0.675000
1.000000 0.900000 0.875000 1.000000
0.875000 0.875000 0.800000 0.875000
0.775000 0.900000 0.800000 0.775000
1.000000 1.000000 0.800000 1.000000
1.000000 1.000000 0.875000 1.000000
0.775000 0.800000 0.875000 0.775000
0.900000 0.900000 0.875000 0.900000
0.800000 0.550000 0.550000 0.800000
0.800000 0.700000 0.700000 0.800000
0.900000 0.900000 0.875000 0.900000
1.000000 0.750000 0.750000 1.000000
