0.853907 0.508705 0.508705 0.853030
0.852765 0.508253 0.508253 0.851841
0.848454 0.509154 0.509154 0.847611
0.846586 0.507689 0.507689 0.845762
0.849205 0.508571 0.508571 0.848695
0.850839 0.509346 0.509346 0.850265
0.851171 0.507474 0.507474 0.850132
0.852559 0.508253 0.508253 0.852135
0.846670 0.508499 0.508499 0.845848
0.853116 0.507567 0.507567 0.853200
0.846628 0.508052 0.508052 0.846766
0.852349 0.507520 0.507520 0.852611
0.852054 0.508674 0.508674 0.851129
0.848161 0.508412 0.508412 0.847485
0.852150 0.508789 0.508789 0.851576
0.850626 0.508197 0.508197 0.849458
0.850219 0.508412 0.508412 0.849551
0.849643 0.508715 0.508715 0.849167
0.852901 0.508494 0.508494 0.852334
0.849680 0.508365 0.508365 0.848740
0.850233 0.508665 0.508665 0.849825
0.846958 0.508695 0.508695 0.846431
0.851656 0.508639 0.508639 0.851000
0.851281 0.508433 0.508433 0.850408
0.853732 0.507921 0.507921 0.852576
0.849865 0.507984 0.507984 0.849168
0.851689 0.508258 0.508258 0.850769
0.849781 0.508267 0.508267 0.849622
0.849968 0.507551 0.507551 0.848702
0.850588 0.509243 0.509243 0.849646
0.847391 0.507768 0.507768 0.846942
0.846916 0.509039 0.509039 0.846221
0.853746 0.508017 0.508017 0.852950
0.846633 0.508440 0.508440 0.845888
0.852358 0.507862 0.507862 0.851878
0.845273 0.508531 0.508531 0.844528
0.852779 0.507953 0.507953 0.851808
0.854610 0.508850 0.508850 0.853743
0.857540 0.508649 0.508649 0.856807
0.848745 0.508597 0.508597 0.847649
0.852847 0.507911 0.507911 0.851607
0.847632 0.508789 0.508789 0.846686
0.848014 0.508747 0.508747 0.847342
0.853395 0.507366 0.507366 0.852512
0.849362 0.508344 0.508344 0.848297
0.847686 0.508010 0.508010 0.846710
0.851527 0.508571 0.508571 0.850483
0.849626 0.509222 0.509222 0.849394
0.851719 0.508223 0.508223 0.850794
0.854767 0.508473 0.508473 0.854053
0.849980 0.508138 0.508138 0.849060
0.850296 0.508768 0.508768 0.849640
0.852775 0.508201 0.508201 0.851953
0.848786 0.508805 0.508805 0.847841
0.851602 0.508220 0.508220 0.851780
0.850055 0.508457 0.508457 0.849032
0.846839 0.509072 0.509072 0.846209
0.851424 0.508448 0.508448 0.850649
0.855761 0.508005 0.508005 0.855082
0.848265 0.507490 0.507490 0.847567
0.851986 0.508386 0.508386 0.850773
0.846469 0.508752 0.508752 0.846591
0.848971 0.507516 0.507516 0.848227
0.849713 0.508489 0.508489 0.849404
0.854170 0.508021 0.508021 0.853695
0.847262 0.509121 0.509121 0.846907
0.850984 0.508066 0.508066 0.850158
0.853191 0.508499 0.508499 0.852447
0.851499 0.508502 0.508502 0.850682
0.850634 0.508459 0.508459 0.849958
0.848458 0.508330 0.508330 0.848051
0.855083 0.508424 0.508424 0.853402
0.850921 0.508482 0.508482 0.850296
0.849643 0.507551 0.507551 0.848826
0.843508 0.508309 0.508309 0.843204
0.854853 0.507371 0.507371 0.853676
0.853423 0.509309 0.509309 0.852576
0.853750 0.508094 0.508094 0.853006
0.843678 0.509112 0.509112 0.842826
0.853585 0.508623 0.508623 0.853102
0.854132 0.509355 0.509355 0.854547
0.849388 0.508627 0.508627 0.848493
0.847396 0.509360 0.509360 0.846621
0.848025 0.507530 0.507530 0.847695
0.851525 0.645199 0.645199 0.850584
0.851167 0.509381 0.509381 0.851181
0.852672 0.508098 0.508098 0.851450
0.849753 0.508118 0.508118 0.849345
0.848739 0.507774 0.507774 0.847871
0.851651 0.508026 0.508026 0.850360
0.850376 0.508534 0.508534 0.849821
0.851644 0.507871 0.507871 0.850848
0.853135 0.508798 0.508798 0.852360
0.846619 0.508649 0.508649 0.845788
0.849739 0.508464 0.508464 0.848421
0.853568 0.507532 0.507532 0.852463
0.852203 0.508356 0.508356 0.851532
0.852051 0.508129 0.508129 0.851508
0.845624 0.509602 0.509602 0.844896
0.850845 0.507850 0.507850 0.850489
