0.823413 0.823413 0.816667 0.823413
0.787302 0.780159 0.794444 0.787302
0.725000 0.731746 0.696032 0.731746
0.822222 0.822222 0.794048 0.807937
0.809127 0.809127 0.809127 0.808730
0.795290 0.807971 0.773551 0.807971
0.778571 0.785714 0.728571 0.778571
0.800000 0.800000 0.792857 0.785714
0.864286 0.864286 0.857143 0.842857
0.778571 0.778571 0.721429 0.778571
0.780952 0.780556 0.747222 0.773413
0.809127 0.794841 0.774603 0.801984
0.809921 0.823810 0.796032 0.816667
0.774603 0.760317 0.767460 0.760317
0.843651 0.843651 0.830159 0.843651
0.792874 0.792874 0.765097 0.792874
0.771429 0.757143 0.764286 0.757143
0.814286 0.800000 0.800000 0.800000
0.800000 0.771429 0.807143 0.821429
0.821429 0.785714 0.771429 0.785714
0.829762 0.822619 0.809524 0.836905
0.879762 0.886111 0.837698 0.886111
0.780159 0.745635 0.745635 0.758730
0.781746 0.767857 0.767857 0.767857
0.794444 0.788492 0.788095 0.808333
0.778382 0.756039 0.777778 0.762681
0.828571 0.821429 0.800000 0.828571
0.785714 0.785714 0.785714 0.785714
0.757143 0.742857 0.742857 0.742857
0.814286 0.814286 0.814286 0.835714
0.830159 0.823016 0.830556 0.830159
0.817063 0.823016 0.823413 0.837302
0.780556 0.787302 0.780952 0.787302
0.716667 0.702381 0.702778 0.709524
0.822222 0.822222 0.773810 0.822222
0.794082 0.739734 0.774155 0.815217
0.778571 0.771429 0.764286 0.778571
0.771429 0.764286 0.742857 0.764286
0.850000 0.835714 0.814286 0.835714
0.857143 0.850000 0.814286 0.850000
0.801190 0.801190 0.815476 0.801190
0.745635 0.724603 0.703175 0.738889
0.801587 0.815476 0.794841 0.808333
0.746032 0.759921 0.718254 0.752778
0.794048 0.786905 0.815873 0.786905
0.864130 0.856884 0.857488 0.864130
0.792857 0.785714 0.792857 0.785714
0.785714 0.771429 0.742857 0.771429
0.850000 0.842857 0.800000 0.842857
0.807143 0.800000 0.778571 0.814286
0.801587 0.780556 0.767063 0.787698
0.788095 0.794841 0.774206 0.787698
0.801190 0.794048 0.807540 0.787302
0.787698 0.780952 0.760714 0.801984
0.824206 0.830159 0.795635 0.809921
0.778382 0.771135 0.785628 0.778382
0.735714 0.771429 0.742857 0.792857
0.807143 0.821429 0.792857 0.821429
0.878571 0.878571 0.857143 0.878571
0.792857 0.792857 0.785714 0.792857
0.788492 0.788492 0.726190 0.788492
0.830556 0.857540 0.844444 0.857540
0.802381 0.802381 0.802381 0.802381
0.807937 0.800794 0.780952 0.800794
0.837698 0.837302 0.802778 0.865079
0.741546 0.734300 0.727053 0.741546
0.792857 0.785714 0.771429 0.778571
0.814286 0.814286 0.821429 0.814286
0.785714 0.785714 0.792857 0.785714
0.764286 0.792857 0.757143 0.792857
0.843254 0.829365 0.836508 0.836508
0.794048 0.794048 0.766270 0.780159
0.775000 0.774603 0.753968 0.788492
0.836905 0.836905 0.781746 0.836905
0.767063 0.767063 0.767460 0.766667
0.863527 0.863527 0.842995 0.863527
0.807143 0.792857 0.778571 0.792857
0.750000 0.742857 0.785714 0.750000
0.835714 0.821429 0.778571 0.814286
0.714286 0.714286 0.742857 0.714286
0.808730 0.808730 0.753571 0.808730
0.724603 0.703571 0.689683 0.730952
0.796032 0.809127 0.796032 0.816270
0.765873 0.758730 0.744841 0.765873
0.823016 0.850397 0.836508 0.850397
0.827295 0.849034 0.828502 0.820048
0.785714 0.771429 0.750000 0.785714
0.871429 0.850000 0.871429 0.850000
0.785714 0.757143 0.771429 0.778571
0.792857 0.792857 0.792857 0.792857
0.788095 0.773413 0.739286 0.773413
0.780159 0.765476 0.780556 0.780159
0.845238 0.858333 0.830952 0.858333
0.780952 0.766270 0.759921 0.780556
0.815079 0.793651 0.779762 0.800794
0.728261 0.728261 0.728261 0.728261
0.828571 0.807143 0.821429 0.821429
0.800000 0.785714 0.800000 0.785714
0.857143 0.842857 0.871429 0.842857
0.850000 0.792857 0.785714 0.792857
