0.542308 0.600000 0.623077 0.576923
0.515385 0.576923 0.603846 0.565385
0.569231 0.557692 0.634615 0.596154
0.565385 0.592308 0.565385 0.573077
0.596154 0.557692 0.642308 0.542308
0.569231 0.584615 0.611538 0.569231
0.603846 0.576923 0.596154 0.561538
0.561538 0.576923 0.603846 0.550000
0.561538 0.565385 0.603846 0.561538
0.534615 0.519231 0.623077 0.553846
0.534615 0.569231 0.576923 0.561538
0.553846 0.546154 0.607692 0.503846
0.550000 0.546154 0.592308 0.557692
0.584615 0.611538 0.626923 0.607692
0.534615 0.557692 0.619231 0.534615
0.530769 0.542308 0.611538 0.565385
0.553846 0.565385 0.646154 0.565385
0.623077 0.630769 0.611538 0.603846
0.542308 0.538462 0.603846 0.569231
0.573077 0.600000 0.642308 0.569231
0.546154 0.553846 0.588462 0.600000
0.561538 0.596154 0.634615 0.603846
0.553846 0.573077 0.611538 0.538462
0.530769 0.561538 0.638462 0.542308
0.569231 0.623077 0.615385 0.584615
0.592308 0.526923 0.626923 0.546154
0.584615 0.553846 0.580769 0.576923
0.623077 0.657692 0.611538 0.611538
0.511538 0.569231 0.623077 0.538462
0.546154 0.557692 0.623077 0.550000
0.538462 0.542308 0.638462 0.515385
0.546154 0.550000 0.611538 0.538462
0.565385 0.596154 0.584615 0.557692
0.553846 0.565385 0.638462 0.565385
0.553846 0.607692 0.634615 0.592308
0.534615 0.550000 0.630769 0.580769
0.565385 0.530769 0.580769 0.534615
0.576923 0.596154 0.592308 0.561538
0.569231 0.588462 0.619231 0.553846
0.542308 0.603846 0.607692 0.557692
0.596154 0.588462 0.615385 0.553846
0.530769 0.588462 0.619231 0.580769
0.588462 0.553846 0.650000 0.565385
0.565385 0.565385 0.630769 0.607692
0.515385 0.592308 0.596154 0.526923
0.611538 0.557692 0.615385 0.626923
0.546154 0.565385 0.619231 0.538462
0.546154 0.538462 0.588462 0.557692
0.565385 0.588462 0.588462 0.565385
0.511538 0.596154 0.630769 0.515385
0.542308 0.538462 0.611538 0.538462
0.553846 0.538462 0.611538 0.561538
0.565385 0.584615 0.634615 0.546154
0.519231 0.584615 0.607692 0.565385
0.538462 0.615385 0.588462 0.569231
0.553846 0.557692 0.576923 0.530769
0.573077 0.534615 0.646154 0.576923
0.611538 0.576923 0.607692 0.596154
0.561538 0.580769 0.642308 0.553846
0.565385 0.611538 0.607692 0.603846
0.550000 0.557692 0.615385 0.546154
0.534615 0.561538 0.657692 0.550000
0.542308 0.507692 0.584615 0.542308
0.550000 0.557692 0.592308 0.553846
0.561538 0.588462 0.611538 0.580769
0.573077 0.584615 0.592308 0.573077
0.553846 0.596154 0.626923 0.553846
0.615385 0.619231 0.626923 0.573077
0.561538 0.603846 0.634615 0.569231
0.569231 0.523077 0.584615 0.519231
0.538462 0.576923 0.611538 0.538462
0.584615 0.576923 0.611538 0.580769
0.523077 0.584615 0.611538 0.534615
0.569231 0.561538 0.626923 0.550000
0.526923 0.580769 0.646154 0.542308
0.642308 0.576923 0.611538 0.588462
0.588462 0.557692 0.653846 0.584615
0.553846 0.507692 0.584615 0.526923
0.557692 0.573077 0.580769 0.569231
0.530769 0.561538 0.584615 0.550000
0.534615 0.592308 0.638462 0.600000
0.530769 0.550000 0.588462 0.523077
0.569231 0.550000 0.638462 0.530769
0.573077 0.576923 0.623077 0.592308
0.511538 0.503846 0.603846 0.500000
0.542308 0.573077 0.611538 0.557692
0.530769 0.557692 0.638462 0.546154
0.557692 0.534615 0.615385 0.557692
0.530769 0.561538 0.596154 0.573077
0.550000 0.657692 0.611538 0.600000
0.534615 0.511538 0.653846 0.557692
0.580769 0.607692 0.596154 0.580769
0.557692 0.576923 0.611538 0.557692
0.580769 0.561538 0.623077 0.546154
0.534615 0.569231 0.607692 0.519231
0.542308 0.573077 0.576923 0.546154
0.592308 0.565385 0.557692 0.588462
0.550000 0.573077 0.646154 0.546154
0.534615 0.584615 0.607692 0.576923
0.569231 0.596154 0.653846 0.584615
