0.709190 0.665514 0.563461 0.708544
0.738051 0.699128 0.570130 0.735518
0.724608 0.696264 0.563208 0.722660
0.710011 0.661597 0.558811 0.710019
0.728496 0.688988 0.585120 0.724243
0.726572 0.671544 0.572454 0.722748
0.725405 0.665748 0.557419 0.724879
0.729371 0.687701 0.580414 0.725674
0.721746 0.648026 0.581058 0.717349
0.738530 0.724124 0.596300 0.741758
0.708268 0.636638 0.555571 0.708584
0.732626 0.702949 0.587188 0.732681
0.726166 0.675646 0.576080 0.725968
0.724099 0.664499 0.585224 0.722302
0.726079 0.687772 0.571938 0.721477
0.742434 0.719664 0.584962 0.741512
0.713270 0.680321 0.566650 0.711775
0.722033 0.690007 0.568798 0.729491
0.709748 0.676346 0.571158 0.711410
0.739143 0.675806 0.567366 0.733975
0.743414 0.681929 0.589090 0.745687
0.746160 0.699562 0.574745 0.739637
0.723821 0.666392 0.564170 0.728361
0.705049 0.668960 0.568590 0.706496
0.729863 0.660038 0.571342 0.725014
0.714154 0.675441 0.573345 0.718240
0.712484 0.693036 0.579475 0.713239
0.725315 0.679510 0.569147 0.725204
0.724497 0.678056 0.565061 0.721849
0.720840 0.684488 0.573249 0.723837
0.741484 0.681548 0.580733 0.730222
0.721206 0.669983 0.566956 0.722017
0.743429 0.695016 0.574888 0.742498
0.726317 0.697440 0.571580 0.723137
0.725037 0.694498 0.583880 0.720362
0.700906 0.637975 0.551440 0.702187
0.722406 0.681514 0.570825 0.721269
0.717120 0.672578 0.575246 0.715179
0.721229 0.698006 0.579412 0.720411
0.728750 0.672562 0.576462 0.725506
0.712478 0.673781 0.570288 0.710232
0.732564 0.699274 0.574902 0.731596
0.697973 0.657924 0.563979 0.698751
0.745957 0.695818 0.578021 0.742300
0.718534 0.666845 0.561180 0.716450
0.723519 0.688710 0.573091 0.721102
0.719591 0.663537 0.573393 0.716014
0.720435 0.686588 0.574053 0.723257
0.735048 0.698490 0.576231 0.734531
0.736693 0.714734 0.593119 0.735517
0.709017 0.697186 0.566208 0.706242
0.710727 0.656677 0.554266 0.709635
0.721802 0.684242 0.568121 0.720100
0.714687 0.659244 0.575460 0.716332
0.719855 0.683756 0.571660 0.724179
0.724655 0.675073 0.582385 0.720744
0.729712 0.684766 0.569139 0.731629
0.732615 0.693345 0.580676 0.730540
0.746362 0.703667 0.581225 0.742323
0.742689 0.679527 0.575460 0.732195
0.732001 0.680484 0.573405 0.726446
0.734747 0.691458 0.580890 0.734927
0.716347 0.687224 0.574036 0.714590
0.727368 0.652454 0.566086 0.725435
0.724910 0.688592 0.572096 0.719869
0.739850 0.707340 0.578641 0.733569
0.726659 0.678699 0.568678 0.725737
0.729991 0.692607 0.576891 0.732035
0.704629 0.672746 0.567326 0.703754
0.712063 0.670478 0.567095 0.715934
0.718398 0.647853 0.569923 0.719620
0.718067 0.669133 0.590126 0.719276
0.730094 0.706616 0.582847 0.728019
0.711975 0.688019 0.575118 0.717238
0.724761 0.685935 0.577233 0.726310
0.735048 0.707515 0.576573 0.734659
0.724544 0.695524 0.569163 0.719496
0.718940 0.692201 0.569830 0.721246
0.723264 0.664508 0.560305 0.720807
0.726270 0.681920 0.565402 0.725412
0.731568 0.681486 0.578459 0.724791
0.741669 0.712101 0.580581 0.739981
0.726914 0.712492 0.579928 0.725586
0.717636 0.673746 0.572025 0.716658
0.706553 0.675686 0.562738 0.703158
0.714916 0.686866 0.570141 0.712626
0.706624 0.653750 0.568074 0.705383
0.743651 0.716038 0.587077 0.744033
0.723391 0.671202 0.558978 0.717405
0.738594 0.684806 0.576811 0.731120
0.721404 0.671057 0.572128 0.717875
0.724646 0.684592 0.578589 0.719867
0.735668 0.688797 0.571063 0.730794
0.726103 0.684893 0.570038 0.724004
0.723479 0.676330 0.567668 0.720784
0.707125 0.671822 0.564257 0.710551
0.736964 0.712675 0.585582 0.738436
0.706845 0.666121 0.576104 0.708762
0.720362 0.675846 0.570634 0.721746
0.741998 0.718702 0.574609 0.740312
