0.650585 0.659357 0.659357 0.650585
0.630117 0.595029 0.595029 0.630117
0.602339 0.593567 0.593567 0.602339
0.741228 0.713450 0.713450 0.741228
0.694444 0.685673 0.685673 0.694444
0.694444 0.722222 0.722222 0.694444
0.687135 0.687135 0.687135 0.687135
0.638889 0.638889 0.638889 0.638889
0.603715 0.624355 0.624355 0.603715
0.727554 0.718782 0.718782 0.727554
0.511696 0.511696 0.511696 0.511696
0.682749 0.729532 0.729532 0.682749
0.776316 0.776316 0.776316 0.776316
0.649123 0.622807 0.622807 0.649123
0.694444 0.656433 0.656433 0.694444
0.676901 0.676901 0.676901 0.676901
0.685673 0.694444 0.694444 0.685673
0.605263 0.587719 0.587719 0.605263
0.721362 0.712590 0.712590 0.721362
0.642415 0.642415 0.642415 0.642415
0.666667 0.640351 0.640351 0.666667
0.621345 0.611111 0.611111 0.621345
0.695906 0.704678 0.704678 0.695906
0.654971 0.638889 0.638889 0.654971
0.676901 0.668129 0.668129 0.676901
0.618421 0.628655 0.628655 0.618421
0.695906 0.678363 0.678363 0.695906
0.596491 0.586257 0.586257 0.596491
0.756450 0.721362 0.721362 0.756450
0.683179 0.674407 0.674407 0.683179
0.602339 0.593567 0.593567 0.602339
0.821637 0.812865 0.812865 0.821637
0.659357 0.612573 0.612573 0.659357
0.713450 0.713450 0.713450 0.713450
0.628655 0.619883 0.619883 0.628655
0.730994 0.695906 0.695906 0.730994
0.722222 0.713450 0.713450 0.722222
0.640351 0.574561 0.574561 0.640351
0.554180 0.536636 0.536636 0.554180
0.668731 0.689370 0.689370 0.668731
0.785088 0.758772 0.758772 0.785088
0.649123 0.640351 0.640351 0.649123
0.692982 0.720760 0.720760 0.692982
0.568713 0.568713 0.568713 0.568713
0.647661 0.659357 0.659357 0.647661
0.722222 0.704678 0.704678 0.722222
0.605263 0.605263 0.605263 0.605263
0.644737 0.654971 0.654971 0.644737
0.677503 0.686275 0.686275 0.677503
0.571723 0.592363 0.592363 0.571723
0.760234 0.713450 0.713450 0.760234
0.720760 0.730994 0.730994 0.720760
0.684211 0.684211 0.684211 0.684211
0.631579 0.631579 0.631579 0.631579
0.692982 0.692982 0.692982 0.692982
0.687135 0.687135 0.687135 0.687135
0.711988 0.739766 0.739766 0.711988
0.649123 0.649123 0.649123 0.649123
0.468524 0.489164 0.489164 0.468524
0.642415 0.642415 0.642415 0.642415
0.692982 0.684211 0.684211 0.692982
0.755848 0.755848 0.755848 0.755848
0.622807 0.548246 0.548246 0.622807
0.720760 0.703216 0.703216 0.720760
0.643275 0.652047 0.652047 0.643275
0.628655 0.659357 0.659357 0.628655
0.764620 0.766082 0.766082 0.764620
0.654971 0.654971 0.654971 0.654971
0.636223 0.586171 0.586171 0.636223
0.586687 0.515996 0.515996 0.586687
0.609649 0.600877 0.600877 0.609649
0.701754 0.703216 0.703216 0.701754
0.692982 0.675439 0.675439 0.692982
0.701754 0.701754 0.701754 0.701754
0.612573 0.603801 0.603801 0.612573
0.593567 0.555556 0.555556 0.593567
0.704678 0.695906 0.695906 0.704678
0.633041 0.669591 0.669591 0.633041
0.557276 0.595459 0.595459 0.557276
0.765738 0.756966 0.756966 0.765738
0.711988 0.703216 0.703216 0.711988
0.684211 0.609649 0.609649 0.684211
0.812865 0.812865 0.812865 0.812865
0.675439 0.684211 0.684211 0.675439
0.704678 0.647661 0.647661 0.704678
0.567251 0.549708 0.549708 0.567251
0.657895 0.676901 0.676901 0.657895
0.559942 0.559942 0.559942 0.559942
0.668731 0.663055 0.663055 0.668731
0.715686 0.698142 0.698142 0.715686
0.603801 0.595029 0.595029 0.603801
0.793860 0.786550 0.786550 0.793860
0.593567 0.574561 0.574561 0.593567
0.675439 0.713450 0.713450 0.675439
0.669591 0.669591 0.669591 0.669591
0.647661 0.612573 0.612573 0.647661
0.694444 0.694444 0.694444 0.694444
0.659357 0.641813 0.641813 0.659357
0.539216 0.559856 0.559856 0.539216
0.736326 0.727554 0.727554 0.736326
