0.551282 0.551282 0.532051 0.551282
0.410256 0.467949 0.333333 0.410256
0.484615 0.484615 0.576923 0.446154
0.507692 0.507692 0.500000 0.623077
0.453846 0.492308 0.515385 0.453846
0.584615 0.592308 0.492308 0.630769
0.423077 0.423077 0.500000 0.461538
0.415385 0.346154 0.415385 0.376923
0.415385 0.530769 0.592308 0.607692
0.453846 0.546154 0.500000 0.453846
0.474359 0.461538 0.442308 0.474359
0.275641 0.275641 0.500000 0.275641
0.600000 0.723077 0.492308 0.600000
0.192308 0.346154 0.615385 0.192308
0.392308 0.392308 0.500000 0.392308
0.584615 0.484615 0.461538 0.384615
0.376923 0.515385 0.300000 0.546154
0.315385 0.253846 0.215385 0.253846
0.369231 0.523077 0.476923 0.461538
0.530769 0.430769 0.653846 0.530769
0.391026 0.320513 0.448718 0.384615
0.314103 0.314103 0.493590 0.282051
0.492308 0.530769 0.615385 0.492308
0.446154 0.446154 0.692308 0.446154
0.607692 0.569231 0.592308 0.569231
0.330769 0.330769 0.376923 0.330769
0.461538 0.561538 0.476923 0.461538
0.407692 0.484615 0.630769 0.369231
0.546154 0.469231 0.500000 0.546154
0.253846 0.292308 0.176923 0.253846
0.365385 0.403846 0.532051 0.365385
0.384615 0.384615 0.653846 0.384615
0.192308 0.330769 0.376923 0.153846
0.192308 0.153846 0.500000 0.215385
0.507692 0.384615 0.415385 0.469231
0.600000 0.400000 0.492308 0.438462
0.507692 0.507692 0.492308 0.507692
0.346154 0.153846 0.215385 0.192308
0.369231 0.276923 0.615385 0.376923
0.346154 0.384615 0.438462 0.346154
0.474359 0.474359 0.532051 0.474359
0.391026 0.314103 0.576923 0.352564
0.292308 0.369231 0.515385 0.392308
0.307692 0.407692 0.653846 0.307692
0.392308 0.476923 0.276923 0.476923
0.307692 0.446154 0.353846 0.307692
0.276923 0.330769 0.530769 0.276923
0.423077 0.469231 0.515385 0.484615
0.469231 0.407692 0.530769 0.569231
0.330769 0.469231 0.476923 0.330769
0.512821 0.429487 0.487179 0.512821
0.326923 0.326923 0.371795 0.326923
0.469231 0.469231 0.453846 0.469231
0.330769 0.446154 0.415385 0.330769
0.492308 0.461538 0.415385 0.453846
0.415385 0.492308 0.653846 0.415385
0.469231 0.407692 0.376923 0.307692
0.530769 0.530769 0.492308 0.530769
0.269231 0.292308 0.500000 0.230769
0.561538 0.561538 0.515385 0.561538
0.153846 0.198718 0.730769 0.198718
0.602564 0.551282 0.371795 0.564103
0.392308 0.392308 0.515385 0.430769
0.276923 0.338462 0.338462 0.376923
0.292308 0.376923 0.353846 0.330769
0.407692 0.561538 0.461538 0.407692
0.384615 0.230769 0.569231 0.230769
0.546154 0.584615 0.523077 0.546154
0.392308 0.330769 0.438462 0.330769
0.369231 0.446154 0.500000 0.369231
0.487179 0.455128 0.493590 0.403846
0.346154 0.429487 0.365385 0.346154
0.546154 0.584615 0.500000 0.584615
0.384615 0.469231 0.553846 0.330769
0.446154 0.384615 0.515385 0.446154
0.469231 0.769231 0.553846 0.469231
0.484615 0.484615 0.476923 0.538462
0.392308 0.469231 0.730769 0.507692
0.307692 0.384615 0.453846 0.307692
0.369231 0.369231 0.553846 0.369231
0.346154 0.429487 0.269231 0.429487
0.384615 0.429487 0.608974 0.384615
0.392308 0.353846 0.530769 0.584615
0.584615 0.430769 0.576923 0.584615
0.446154 0.492308 0.461538 0.407692
0.546154 0.423077 0.276923 0.584615
0.615385 0.692308 0.592308 0.615385
0.530769 0.484615 0.653846 0.523077
0.369231 0.553846 0.607692 0.407692
0.215385 0.292308 0.215385 0.215385
0.198718 0.314103 0.365385 0.314103
0.346154 0.307692 0.692308 0.346154
0.446154 0.353846 0.276923 0.446154
0.446154 0.607692 0.500000 0.669231
0.446154 0.561538 0.469231 0.561538
0.376923 0.484615 0.438462 0.376923
0.430769 0.469231 0.615385 0.469231
0.446154 0.446154 0.453846 0.446154
0.230769 0.292308 0.500000 0.230769
0.607692 0.530769 0.615385 0.646154
