0.807328 0.691634 0.539167 0.776562
0.822511 0.689546 0.546309 0.768767
0.804620 0.696397 0.556554 0.754822
0.805622 0.671256 0.542385 0.769611
0.819313 0.696158 0.552633 0.775788
0.813549 0.681114 0.538513 0.766947
0.827551 0.672624 0.532223 0.779136
0.807291 0.698504 0.554725 0.768267
0.806608 0.669387 0.548531 0.756595
0.818049 0.707178 0.555632 0.775852
0.797378 0.645768 0.559844 0.756482
0.817869 0.694442 0.578399 0.775538
0.812054 0.691141 0.555321 0.776258
0.811608 0.684160 0.571867 0.767400
0.810170 0.691269 0.548849 0.774461
0.819568 0.717634 0.541081 0.770597
0.817071 0.703609 0.556068 0.776639
0.811768 0.683286 0.549486 0.773157
0.796311 0.694171 0.532216 0.769420
0.798021 0.683476 0.564004 0.773626
0.824509 0.671183 0.535678 0.788599
0.809450 0.679135 0.545127 0.774288
0.819186 0.681965 0.540786 0.768315
0.813287 0.684049 0.566659 0.774032
0.808595 0.666119 0.553079 0.780313
0.815656 0.669682 0.551902 0.763210
0.810639 0.705803 0.553357 0.765834
0.815958 0.687810 0.566334 0.772624
0.805113 0.689432 0.553564 0.765325
0.809422 0.676281 0.554359 0.758448
0.811695 0.680913 0.552922 0.764653
0.807761 0.677947 0.557666 0.778745
0.814551 0.699450 0.571867 0.777752
0.821277 0.694043 0.544396 0.775359
0.814805 0.690203 0.568536 0.767973
0.798195 0.650273 0.530896 0.761246
0.830007 0.692056 0.568878 0.779223
0.795588 0.669340 0.528184 0.753709
0.800454 0.703736 0.561109 0.771360
0.799794 0.666358 0.548507 0.768013
0.811689 0.675668 0.559151 0.758350
0.812314 0.693041 0.538081 0.774969
0.803276 0.671518 0.558096 0.750974
0.818820 0.680272 0.527564 0.772862
0.807053 0.678483 0.559591 0.777896
0.809533 0.688644 0.540628 0.774485
0.816300 0.684908 0.542870 0.771559
0.811625 0.687428 0.535762 0.765731
0.800930 0.677370 0.568170 0.775105
0.806202 0.735166 0.552030 0.770278
0.822511 0.700115 0.541385 0.770196
0.817086 0.658362 0.540321 0.768609
0.801932 0.676623 0.554852 0.772306
0.811108 0.658089 0.569028 0.774223
0.806846 0.693018 0.526029 0.768402
0.810686 0.683349 0.585829 0.771861
0.808102 0.683269 0.553930 0.779502
0.820784 0.690799 0.550964 0.763767
0.807077 0.693383 0.551353 0.782659
0.804040 0.686100 0.560442 0.767949
0.793450 0.667502 0.538267 0.758659
0.817396 0.692602 0.557379 0.766144
0.812905 0.693296 0.536684 0.767098
0.800350 0.667909 0.549255 0.748390
0.814614 0.688152 0.541041 0.769571
0.815831 0.699362 0.550217 0.761119
0.822859 0.670285 0.521140 0.784479
0.826827 0.698893 0.561260 0.792334
0.806433 0.679350 0.554312 0.767631
0.810877 0.686466 0.549747 0.773372
0.821859 0.679191 0.560964 0.776871
0.814098 0.679596 0.545628 0.772009
0.809533 0.672377 0.559527 0.767058
0.809875 0.714517 0.542917 0.770557
0.798641 0.696373 0.557221 0.761843
0.809963 0.674110 0.534116 0.753454
0.819822 0.703672 0.532025 0.767138
0.809017 0.687635 0.552411 0.761334
0.805495 0.674237 0.549573 0.768911
0.808651 0.679612 0.547529 0.780114
0.805921 0.687458 0.549832 0.776933
0.820959 0.693570 0.553958 0.774789
0.812627 0.716354 0.551855 0.772370
0.816960 0.669984 0.535594 0.786308
0.802187 0.677537 0.539324 0.754265
0.794458 0.692120 0.552713 0.761739
0.817922 0.663814 0.538218 0.785799
0.815512 0.707242 0.567423 0.786355
0.802291 0.673570 0.530124 0.748963
0.818033 0.695069 0.549429 0.775939
0.807575 0.661267 0.545690 0.763837
0.811228 0.682191 0.538453 0.770079
0.821810 0.694234 0.551035 0.775979
0.801527 0.683326 0.549087 0.761652
0.817986 0.689114 0.526006 0.773181
0.799214 0.678714 0.552133 0.764570
0.797726 0.687635 0.561324 0.777196
0.806775 0.688279 0.544047 0.763106
0.809510 0.707393 0.549278 0.770342
0.820315 0.700945 0.534354 0.776107
